1,1,1.001,0,5.001,5.035,5.354,6.355,10,10
1,2,8.358,0,14.085,14.103,14.428,22.786,10,20
1,3,24.788,0,11.026,11.045,11.366,36.154,10,30
1,4,38.155,0,4.523,4.532,4.866,43.021,10,40
1,5,45.022,0,9.214,9.237,9.638,54.660,10,50
1,6,56.663,0,1.100,1.114,1.492,58.154,10,60
1,7,60.155,0,16.527,16.548,16.899,77.054,10,70
1,8,79.055,0,19.351,19.358,19.707,98.762,10,80
1,9,100.764,0,7.197,7.204,7.551,108.315,10,90
1,10,110.317,0,12.578,12.591,12.917,123.234,10,100
1,11,125.236,0,8.848,8.861,9.200,134.435,10,110
1,12,136.436,0,16.372,16.386,16.734,153.169,10,120
1,13,155.173,0,17.818,17.842,18.205,173.378,10,130
1,14,175.379,0,4.400,4.423,4.776,180.156,10,140
1,15,182.158,0,0.336,0.346,0.692,182.850,10,150
1,16,184.851,0,12.351,12.359,12.728,197.579,10,160
1,17,199.581,0,11.588,11.603,11.887,211.468,10,170
1,18,213.470,0,2.756,2.782,3.134,216.604,10,180
1,19,218.604,0,18.539,18.558,18.899,237.503,10,190
1,20,239.504,0,15.460,15.467,15.833,255.336,10,200
1,21,257.338,0,7.406,7.420,7.772,265.110,10,210
1,22,267.112,0,2.009,2.032,2.330,269.443,10,220
1,23,271.445,0,14.074,14.090,14.483,285.928,10,230
1,24,287.931,0,8.785,8.793,9.144,297.075,10,240
1,25,299.075,0,0.570,0.583,0.955,300.031,10,250
1,26,302.032,0,18.284,18.303,18.653,320.684,10,260
1,27,322.688,0,5.779,5.801,6.116,328.804,10,270
1,28,330.807,0,11.373,11.388,11.773,342.580,10,280
1,29,344.582,0,16.758,16.789,17.163,361.745,10,290
1,30,363.747,0,7.703,7.712,8.059,371.806,10,300
1,31,373.807,0,4.292,4.306,4.668,378.475,10,310
1,32,380.477,0,13.120,13.143,13.473,393.950,10,320
1,33,395.951,0,18.130,18.162,18.555,414.507,10,330
