1,1,1.002,0,13.468,13.488,13.956,14.958,10,10
1,2,16.959,0,8.952,8.970,11.040,27.999,10,20
1,3,30.002,0,5.156,5.181,7.732,37.735,10,30
1,4,39.737,0,17.836,17.857,18.367,58.104,10,40
1,5,60.107,0,1.483,1.505,2.973,63.080,10,50
1,6,65.081,0,15.527,15.540,15.990,81.071,10,60
1,7,83.073,0,3.100,3.118,5.573,88.646,10,70
1,8,90.649,0,10.690,10.699,11.146,101.795,10,80
1,9,103.798,0,10.464,10.473,10.861,114.658,10,90
1,10,116.663,0,6.951,6.962,7.582,124.245,10,100
1,11,126.249,0,19.054,19.070,19.476,145.725,10,110
1,12,147.726,0,4.339,4.363,4.873,152.599,10,120
1,13,154.601,0,0.925,0.939,1.467,156.068,10,130
1,14,158.070,0,9.467,9.476,9.948,168.017,10,140
1,15,170.018,0,13.890,13.902,14.770,184.789,10,150
1,16,186.793,0,15.396,15.420,15.806,202.599,10,160
1,17,204.600,0,17.678,17.689,18.173,222.773,10,170
1,18,224.774,0,15.009,15.039,15.524,240.298,10,180
1,19,242.300,0,10.976,10.987,11.447,253.747,10,190
1,20,255.751,0,5.122,5.140,5.740,261.491,10,200
1,21,263.492,0,8.930,8.954,9.429,272.921,10,210
1,22,274.922,0,13.508,13.532,13.924,288.845,10,220
1,23,290.848,0,0.654,0.673,2.228,293.077,10,230
1,24,295.079,0,4.125,4.146,4.600,299.679,10,240
1,25,301.682,0,10.862,10.883,11.427,313.109,10,250
1,26,315.113,0,1.559,1.571,1.994,317.107,10,260
1,27,319.110,0,13.747,13.764,14.169,333.280,10,270
1,28,335.283,0,18.200,18.218,18.692,353.975,10,280
1,29,355.977,0,6.128,6.161,6.665,362.643,10,290
1,30,364.645,0,15.349,15.368,15.773,380.418,10,300
1,31,382.421,0,9.867,9.882,10.270,392.691,10,310
1,32,394.694,0,4.903,4.928,5.367,400.062,10,320
1,33,402.064,0,10.631,10.665,11.119,413.183,10,330
1,34,415.187,0,2.376,2.411,3.022,418.209,10,340
