1,1,1.001,0,2.161,2.183,2.523,3.524,10,10
1,2,5.527,0,5.503,5.512,5.837,11.364,10,20
1,3,13.368,0,3.062,3.073,3.404,16.771,10,30
1,4,18.774,0,8.516,8.539,9.035,27.809,10,40
1,5,29.811,0,18.559,18.579,18.991,48.802,10,50
1,6,50.803,0,17.438,17.446,17.858,68.660,10,60
1,7,70.663,0,11.022,11.043,11.514,82.176,10,70
1,8,84.179,0,13.604,13.617,13.965,98.144,10,80
1,9,100.149,0,8.392,8.403,8.771,108.919,10,90
1,10,110.921,0,11.460,11.470,11.911,122.832,10,100
1,11,124.836,0,4.899,4.909,5.344,130.180,10,110
1,12,132.184,0,5.829,5.848,6.243,138.427,10,120
1,13,140.429,0,1.970,1.989,5.591,146.020,10,130
1,14,148.022,0,12.876,12.888,13.273,161.294,10,140
1,15,163.298,0,18.248,18.255,18.695,181.993,10,150
1,16,183.995,0,15.741,15.749,16.174,200.170,10,160
1,17,202.171,0,12.308,12.331,12.813,214.984,10,170
1,18,216.988,0,15.260,15.288,15.625,232.614,10,180
1,19,234.615,0,19.751,19.773,20.122,254.737,10,190
1,20,256.741,0,2.602,2.615,2.978,259.719,10,200
1,21,261.723,0,1.044,1.051,1.446,263.169,10,210
1,22,265.172,0,7.449,7.457,7.803,272.975,10,220
1,23,274.979,0,9.920,9.939,10.221,285.201,10,230
1,24,287.203,0,14.225,14.240,14.573,301.776,10,240
1,25,303.778,0,15.959,15.973,16.583,320.361,10,250
1,26,322.363,0,11.172,11.195,11.567,333.930,10,260
1,27,335.933,0,4.858,4.878,5.321,341.255,10,270
1,28,343.256,0,5.553,5.576,5.906,349.162,10,280
1,29,351.166,0,14.107,14.123,14.465,365.631,10,290
1,30,367.634,0,19.420,NaN,15.556,383.190,0,290
1,31,385.192,0,9.674,9.695,9.998,395.190,10,300
1,32,397.192,0,1.893,1.913,2.342,399.534,10,310
1,33,401.537,0,8.300,8.323,8.669,410.207,10,320
