1,1,1.002,0,5.490,5.501,5.833,6.835,10,10
1,2,8.835,0,17.745,17.760,18.119,26.954,10,20
1,3,28.957,0,14.888,14.914,15.265,44.222,10,30
1,4,46.224,0,1.359,1.381,1.802,48.026,10,40
1,5,50.027,0,17.016,17.038,17.418,67.445,10,50
1,6,69.448,0,9.948,9.956,10.284,79.733,10,60
1,7,81.734,0,11.577,11.594,11.998,93.732,10,70
1,8,95.734,0,2.622,2.629,2.981,98.715,10,80
1,9,100.717,0,10.694,10.702,11.075,111.792,10,90
1,10,113.796,0,4.065,4.077,4.454,118.250,10,100
1,11,120.251,0,8.177,8.193,8.553,128.804,10,110
1,12,130.805,0,1.297,1.307,1.657,132.462,10,120
1,13,134.463,0,15.853,15.875,16.279,150.742,10,130
1,14,152.745,0,13.864,13.884,14.301,167.045,10,140
1,15,169.048,0,7.328,7.336,7.731,176.779,10,150
1,16,178.781,0,17.833,17.845,18.200,196.982,10,160
1,17,198.983,0,2.140,2.163,2.559,201.542,10,170
1,18,203.544,0,16.691,16.710,17.115,220.659,10,180
1,19,222.661,0,5.779,5.797,6.202,228.863,10,190
1,20,230.866,0,9.998,10.015,10.392,241.257,10,200
1,21,243.259,0,19.409,19.432,19.770,263.029,10,210
1,22,265.031,0,12.586,12.601,12.994,278.025,10,220
1,23,280.025,0,10.895,10.912,11.235,291.261,10,230
1,24,293.262,0,3.596,3.612,4.107,297.370,10,240
1,25,299.372,0,15.567,15.577,15.946,315.318,10,250
1,26,317.320,0,9.619,9.635,9.994,327.314,10,260
1,27,329.318,0,0.087,0.105,0.548,329.866,10,270
1,28,331.868,0,6.539,6.559,6.907,338.775,10,280
1,29,340.778,0,13.464,13.474,13.870,354.648,10,290
1,30,356.652,0,10.707,10.722,11.082,367.734,10,300
1,31,369.734,0,4.230,4.243,4.592,374.326,10,310
1,32,376.327,0,19.389,19.411,19.736,396.063,10,320
1,33,398.065,0,5.562,5.576,5.934,403.999,10,330
1,34,406.001,0,7.764,7.779,8.173,414.174,10,340
