1,1,1.000,0,5.493,5.503,5.834,6.834,10,10
1,2,8.837,0,17.098,17.108,17.424,26.261,10,20
1,3,28.263,0,13.938,13.957,14.263,42.526,10,30
1,4,44.530,0,8.378,8.412,8.748,53.277,10,40
1,5,55.280,0,4.554,4.565,4.873,60.152,10,50
1,6,62.153,0,12.242,12.265,12.577,74.730,10,60
1,7,76.734,0,18.937,18.961,19.266,96.000,10,70
1,8,98.002,0,2.412,2.429,2.812,100.814,10,80
1,9,102.817,0,14.681,14.706,15.074,117.891,10,90
1,10,119.892,0,10.700,10.720,11.025,130.916,10,100
1,11,132.920,0,15.489,15.500,15.861,148.781,10,110
1,12,150.785,0,8.747,8.757,9.142,159.927,10,120
1,13,161.930,0,2.045,2.064,2.399,164.329,10,130
1,14,166.331,0,7.140,7.151,7.479,173.810,10,140
1,15,175.813,0,19.862,19.879,20.183,195.996,10,150
1,16,197.998,0,2.780,2.797,3.163,201.161,10,160
1,17,203.164,0,15.704,15.723,16.172,219.336,10,170
1,18,221.337,0,5.214,5.236,5.550,226.887,10,180
1,19,228.890,0,12.766,12.791,13.142,242.033,10,190
1,20,244.035,0,19.956,19.974,20.319,264.354,10,200
1,21,266.355,0,10.582,10.592,10.909,277.264,10,210
1,22,279.266,0,8.194,8.204,8.522,287.788,10,220
1,23,289.791,0,1.778,1.797,2.122,291.913,10,230
1,24,293.915,0,4.910,4.926,5.286,299.202,10,240
1,25,301.203,0,3.024,3.041,3.374,304.577,10,250
1,26,306.579,0,0.990,0.999,1.415,307.994,10,260
1,27,309.996,0,6.700,6.721,7.039,317.035,10,270
1,28,319.037,0,18.339,18.356,18.654,337.691,10,280
1,29,339.695,0,17.208,17.224,17.541,357.237,10,290
1,30,359.237,0,10.037,10.054,10.354,369.591,10,300
1,31,371.593,0,13.494,13.506,13.805,385.399,10,310
1,32,387.402,0,8.525,8.536,8.836,396.237,10,320
1,33,398.239,0,2.656,2.667,3.047,401.286,10,330
1,34,403.288,0,0.401,0.420,0.726,404.014,10,340
1,35,406.028,0,8.607,8.618,8.961,414.988,10,350
1,36,416.991,0,14.382,NaN,1.703,418.693,0,350
