1,1,1.000,0,3.771,3.785,4.387,5.387,10,10
1,2,7.390,0,1.766,1.781,2.301,9.691,10,20
1,3,11.693,0,17.696,17.705,18.178,29.870,10,30
1,4,31.871,0,16.654,16.668,17.153,49.024,10,40
1,5,51.027,0,10.986,11.003,11.521,62.548,10,50
1,6,64.550,0,6.623,6.634,7.135,71.685,10,60
1,7,73.686,0,7.951,7.969,8.520,82.207,10,70
1,8,84.209,0,14.644,14.655,15.103,99.311,10,80
1,9,101.315,0,7.445,7.453,7.874,109.188,10,90
1,10,111.189,0,4.316,4.332,4.863,116.053,10,100
1,11,118.056,0,13.475,13.490,13.961,132.017,10,110
1,12,134.018,0,2.308,2.330,2.688,136.706,10,120
1,13,138.707,0,19.959,19.968,20.372,159.079,10,130
1,14,161.083,0,16.287,16.301,16.853,177.935,10,140
1,15,179.937,0,11.807,11.821,12.273,192.209,10,150
1,16,194.212,0,8.019,8.033,8.496,202.709,10,160
1,17,204.712,0,10.180,10.190,10.713,215.425,10,170
1,18,217.428,0,16.412,16.433,16.850,234.278,10,180
1,19,236.282,0,8.927,8.951,9.519,245.801,10,190
1,20,247.802,0,5.008,5.034,5.453,253.255,10,200
1,21,255.255,0,18.942,18.958,19.393,274.648,10,210
1,22,276.652,0,3.064,3.081,3.440,280.092,10,220
1,23,282.095,0,1.709,1.723,2.114,284.209,10,230
1,24,286.210,0,12.579,12.598,12.962,299.172,10,240
1,25,301.176,0,5.836,5.852,6.271,307.447,10,250
1,26,309.450,0,9.100,9.117,9.581,319.031,10,260
1,27,321.033,0,2.079,2.087,2.571,323.604,10,270
1,28,325.606,0,3.802,3.817,4.202,329.808,10,280
1,29,331.810,0,19.851,19.873,20.308,352.118,10,290
1,30,354.119,0,10.663,10.670,11.059,365.178,10,300
1,31,367.180,0,17.427,17.452,17.839,385.019,10,310
1,32,387.021,0,13.059,13.068,13.448,400.470,10,320
1,33,402.473,0,1.039,1.052,1.660,404.132,10,330
1,34,406.135,0,19.765,NaN,13.249,419.385,0,330
