1,1,1.001,0,18.270,18.287,18.638,19.639,10,10
1,2,21.642,0,12.879,12.903,13.290,34.932,10,20
1,3,36.934,0,1.191,1.213,1.696,38.629,10,30
1,4,40.631,0,11.044,11.056,11.407,52.038,10,40
1,5,54.039,0,16.478,16.490,16.802,70.841,10,50
1,6,72.843,0,6.945,6.957,7.358,80.201,10,60
1,7,82.203,0,9.633,9.652,10.046,92.249,10,70
1,8,94.250,0,4.757,4.776,5.231,99.481,10,80
1,9,101.483,0,9.670,9.682,10.175,111.658,10,90
1,10,113.660,0,6.338,6.359,6.799,120.459,10,100
1,11,122.460,0,3.112,3.128,3.582,126.042,10,110
1,12,128.045,0,10.461,10.483,10.824,138.869,10,120
1,13,140.871,0,14.020,14.031,14.439,155.310,10,130
1,14,157.312,0,2.368,2.376,2.761,160.072,10,140
1,15,162.073,0,18.619,18.641,18.942,181.016,10,150
1,16,183.017,0,15.912,15.923,16.214,199.231,10,160
1,17,201.232,0,9.770,9.797,10.269,211.501,10,170
1,18,213.504,0,3.618,3.628,4.012,217.516,10,180
1,19,219.520,0,13.668,13.686,13.976,233.495,10,190
1,20,235.497,0,15.353,15.368,15.708,251.205,10,200
1,21,253.208,0,17.904,17.916,18.245,271.453,10,210
1,22,273.457,0,12.068,12.091,12.461,285.918,10,220
1,23,287.920,0,6.960,6.981,7.266,295.187,10,230
1,24,297.188,0,0.639,0.648,1.250,298.438,10,240
1,25,300.441,0,4.623,4.632,4.980,305.421,10,250
1,26,307.422,0,12.842,12.858,13.199,320.621,10,260
1,27,322.623,0,17.106,17.117,17.479,340.102,10,270
1,28,342.103,0,11.783,11.793,12.126,354.229,10,280
1,29,356.232,0,1.416,1.433,1.975,358.206,10,290
1,30,360.209,0,9.939,9.962,10.317,370.526,10,300
1,31,372.527,0,5.533,5.547,5.984,378.511,10,310
1,32,380.514,0,18.157,18.170,18.532,399.047,10,320
1,33,401.047,0,12.890,12.911,13.229,414.277,10,330
