1,1,1.002,0,4.550,4.567,5.222,6.224,10,10
1,2,8.227,0,15.788,15.801,16.217,24.443,10,20
1,3,26.448,0,1.258,1.282,2.082,28.530,10,30
1,4,30.532,0,7.802,7.820,8.321,38.852,10,40
1,5,40.854,0,11.412,11.420,11.889,52.743,10,50
1,6,54.744,0,14.380,14.405,14.915,69.659,10,60
1,7,71.662,0,17.878,17.914,18.431,90.093,10,70
1,8,92.095,0,5.581,5.601,6.146,98.240,10,80
1,9,100.242,0,11.256,11.277,11.736,111.978,10,90
1,10,113.981,0,19.779,19.799,20.367,134.347,10,100
1,11,136.349,0,0.909,0.916,1.823,138.172,10,110
1,12,140.175,0,9.510,9.529,9.972,150.147,10,120
1,13,152.152,0,6.389,6.407,6.892,159.043,10,130
1,14,161.047,0,13.576,13.586,14.058,175.105,10,140
1,15,177.107,0,16.827,16.834,17.269,194.377,10,150
1,16,196.378,0,3.008,3.033,3.533,199.911,10,160
1,17,201.913,0,17.972,17.991,18.488,220.401,10,170
1,18,222.403,0,5.482,5.505,5.970,228.374,10,180
1,19,230.377,0,13.275,13.289,13.663,244.040,10,190
1,20,246.042,0,8.102,8.111,8.537,254.579,10,200
1,21,256.582,0,1.053,1.073,1.677,258.259,10,210
1,22,260.263,0,15.920,15.935,16.347,276.610,10,220
1,23,278.612,0,11.276,11.292,11.730,290.342,10,230
1,24,292.345,0,3.404,3.429,3.936,296.281,10,240
1,25,298.285,0,9.512,9.527,9.981,308.267,10,250
1,26,310.268,0,3.371,3.381,3.902,314.170,10,260
1,27,316.172,0,5.947,5.964,6.815,322.987,10,270
1,28,324.988,0,19.829,19.842,20.275,345.263,10,280
1,29,347.266,0,11.494,11.504,12.044,359.310,10,290
1,30,361.310,0,15.918,15.935,16.386,377.697,10,300
1,31,379.698,0,12.564,12.587,13.022,392.721,10,310
1,32,394.723,0,0.825,0.848,1.303,396.026,10,320
1,33,398.026,0,10.955,10.967,11.413,409.440,10,330
1,34,411.442,0,7.927,7.940,8.426,419.869,10,340
