1,1,1.000,0,6.476,6.496,6.933,7.933,10,10
1,2,9.936,0,0.465,0.478,1.030,10.966,10,20
1,3,12.970,0,21.061,NaN,7.573,20.544,0,20
1,4,22.544,0,40.000,NaN,6.729,29.274,0,20
1,5,31.275,0,32.960,NaN,13.158,44.432,0,20
1,6,46.435,0,1.238,1.247,1.854,48.288,10,30
1,7,50.291,0,40.000,NaN,11.502,61.794,0,30
1,8,63.797,0,0.074,0.093,0.549,64.346,10,40
1,9,66.348,0,2.296,2.311,2.695,69.043,10,50
1,10,71.044,0,40.000,NaN,2.291,73.335,0,50
1,11,75.338,0,40.000,NaN,3.877,79.215,0,50
1,12,81.217,0,4.666,NaN,2.951,84.169,0,50
1,13,86.171,0,0.110,0.130,0.575,86.746,10,60
1,14,88.749,0,0.532,0.552,1.060,89.809,10,70
1,15,91.812,0,40.000,NaN,3.413,95.225,0,70
1,16,97.229,0,16.295,NaN,3.551,100.780,0,70
1,17,102.784,0,40.000,NaN,2.846,105.630,0,70
1,18,107.633,0,0.167,0.178,0.548,108.181,10,80
1,19,110.182,0,2.900,NaN,2.299,112.481,0,80
1,20,114.485,0,12.060,NaN,1.647,116.133,0,80
1,21,118.136,0,40.000,NaN,3.106,121.242,0,80
1,22,123.244,0,40.000,NaN,3.571,126.815,0,80
1,23,128.818,0,0.932,0.953,1.614,130.432,10,90
1,24,132.434,0,1.548,NaN,1.024,133.458,0,90
1,25,135.459,0,1.290,1.298,1.810,137.269,10,100
1,26,139.273,0,40.000,NaN,2.319,141.592,0,100
1,27,143.596,0,40.000,NaN,2.810,146.406,0,100
1,28,148.409,0,0.375,0.388,0.732,149.141,10,110
1,29,151.143,0,10.567,NaN,2.171,153.314,0,110
1,30,155.317,0,40.000,NaN,1.721,157.038,0,110
1,31,159.040,0,0.052,0.062,0.551,159.591,10,120
1,32,161.594,0,3.821,NaN,1.467,163.061,0,120
1,33,165.063,0,8.329,NaN,1.150,166.213,0,120
1,34,168.215,0,0.566,0.575,1.093,169.308,10,130
1,35,171.311,0,40.000,NaN,0.765,172.076,0,130
1,36,174.078,0,1.254,NaN,0.899,174.977,0,130
1,37,176.982,0,0.257,0.278,0.741,177.723,10,140
1,38,179.726,0,40.000,NaN,0.484,180.211,0,140
1,39,182.212,0,40.000,NaN,0.769,182.981,0,140
1,40,184.982,0,3.316,NaN,2.145,187.126,0,140
1,41,189.129,0,40.000,NaN,1.427,190.556,0,140
1,42,192.560,0,24.126,NaN,1.843,194.403,0,140
1,43,196.406,0,0.885,0.914,1.275,197.681,10,150
1,44,199.683,0,0.029,0.055,0.655,200.338,10,160
1,45,202.340,0,3.625,NaN,1.157,203.497,0,160
1,46,205.500,0,40.000,NaN,1.317,206.817,0,160
1,47,208.819,0,40.000,NaN,1.022,209.842,0,160
1,48,211.845,0,2.298,NaN,0.877,212.722,0,160
1,49,214.725,0,1.792,1.804,2.193,216.919,10,170
1,50,218.921,0,40.000,NaN,1.333,220.254,0,170
1,51,222.258,0,40.000,NaN,1.688,223.946,0,170
1,52,225.948,0,10.945,NaN,1.726,227.674,0,170
1,53,229.676,0,0.020,0.042,0.525,230.202,10,180
1,54,232.206,0,0.931,0.948,1.309,233.514,10,190
1,55,235.517,0,40.000,NaN,1.621,237.138,0,190
1,56,239.141,0,4.692,NaN,1.839,240.980,0,190
1,57,242.982,0,40.000,NaN,1.420,244.402,0,190
1,58,246.403,0,1.227,1.241,1.657,248.060,10,200
1,59,250.064,0,40.000,NaN,1.719,251.783,0,200
1,60,253.786,0,7.600,NaN,2.352,256.138,0,200
1,61,258.139,0,0.285,0.310,0.895,259.034,10,210
1,62,261.036,0,4.010,NaN,1.726,262.762,0,210
1,63,264.764,0,0.783,0.805,1.256,266.020,10,220
1,64,268.021,0,40.000,NaN,1.566,269.587,0,220
1,65,271.590,0,1.180,1.199,1.578,273.168,10,230
1,66,275.170,0,0.884,0.904,1.295,276.465,10,240
1,67,278.468,0,40.000,NaN,1.469,279.937,0,240
1,68,281.939,0,40.000,NaN,1.333,283.272,0,240
1,69,285.276,0,40.000,NaN,1.271,286.547,0,240
1,70,288.550,0,3.707,NaN,2.149,290.699,0,240
1,71,292.699,0,0.034,0.049,0.491,293.190,10,250
1,72,295.194,0,9.644,NaN,1.141,296.335,0,250
1,73,298.336,0,40.000,NaN,1.302,299.638,0,250
1,74,301.642,0,10.723,NaN,1.591,303.233,0,250
1,75,305.237,0,4.006,NaN,1.835,307.071,0,250
1,76,309.073,0,0.062,0.083,0.543,309.616,10,260
1,77,311.620,0,0.927,0.938,1.364,312.984,10,270
1,78,314.986,0,40.000,NaN,1.084,316.070,0,270
1,79,318.072,0,40.000,NaN,1.854,319.926,0,270
1,80,321.928,0,2.622,NaN,1.457,323.384,0,270
1,81,325.386,0,0.191,0.211,0.677,326.062,10,280
1,82,328.065,0,0.998,1.018,1.421,329.486,10,290
1,83,331.488,0,16.549,NaN,1.872,333.360,0,290
1,84,335.363,0,4.461,NaN,2.274,337.638,0,290
1,85,339.639,0,40.000,NaN,2.058,341.697,0,290
1,86,343.698,0,40.000,NaN,2.154,345.852,0,290
1,87,347.855,0,1.232,1.253,1.534,349.389,10,300
1,88,351.390,0,40.000,NaN,1.574,352.965,0,300
1,89,354.966,0,40.000,NaN,1.551,356.517,0,300
1,90,358.519,0,0.172,0.194,0.711,359.230,10,310
1,91,361.233,0,22.972,NaN,2.276,363.509,0,310
1,92,365.511,0,40.000,NaN,2.167,367.678,0,310
1,93,369.681,0,3.541,NaN,2.174,371.855,0,310
1,94,373.858,0,1.580,1.596,1.925,375.783,10,320
1,95,377.787,0,40.000,NaN,1.434,379.221,0,320
1,96,381.224,0,0.691,0.700,1.021,382.245,10,330
1,97,384.247,0,40.000,NaN,1.079,385.326,0,330
1,98,387.330,0,40.000,NaN,1.090,388.421,0,330
1,99,390.424,0,0.415,0.438,0.791,391.215,10,340
1,100,393.215,0,13.344,NaN,2.078,395.293,0,340
1,101,397.296,0,0.020,0.052,0.524,397.819,10,350
1,102,399.821,0,1.243,1.262,1.576,401.397,10,360
1,103,403.400,0,5.510,NaN,0.964,404.364,0,360
1,104,406.366,0,40.000,NaN,0.796,407.162,0,360
1,105,409.164,0,2.996,NaN,1.192,410.356,0,360
1,106,412.359,0,40.000,NaN,1.219,413.578,0,360
1,107,415.582,0,23.860,NaN,1.278,416.860,0,360
