1,1,1.002,0,17.956,17.973,18.312,19.315,10,10
1,2,21.319,0,13.691,13.714,14.027,35.346,10,20
1,3,37.349,0,16.661,16.676,16.973,54.322,10,30
1,4,56.326,0,6.193,6.203,6.572,62.897,10,40
1,5,64.898,0,2.415,2.434,3.303,68.201,10,50
1,6,70.202,0,10.443,10.452,10.770,80.973,10,60
1,7,82.974,0,9.490,9.502,9.836,92.811,10,70
1,8,94.813,0,3.669,3.684,4.108,98.921,10,80
1,9,100.926,0,0.171,0.189,0.701,101.626,10,90
1,10,103.631,0,5.259,5.287,5.642,109.273,10,100
1,11,111.276,0,7.916,7.931,8.311,119.587,10,110
1,12,121.591,0,10.230,10.255,10.596,132.187,10,120
1,13,134.190,0,19.040,19.049,19.384,153.574,10,130
1,14,155.576,0,14.141,14.154,14.474,170.051,10,140
1,15,172.053,0,2.582,2.596,3.052,175.105,10,150
1,16,177.106,0,15.861,15.868,16.192,193.298,10,160
1,17,195.298,0,0.121,0.145,0.664,195.961,10,170
1,18,197.966,0,8.337,8.348,8.739,206.705,10,180
1,19,208.708,0,18.746,18.767,19.157,227.865,10,190
1,20,229.866,0,2.853,2.861,3.192,233.058,10,200
1,21,235.061,0,13.386,13.406,13.820,248.881,10,210
1,22,250.882,0,12.032,12.043,12.376,263.258,10,220
1,23,265.260,0,15.160,15.172,15.493,280.754,10,230
1,24,282.755,0,6.168,6.182,6.516,289.271,10,240
1,25,291.274,0,19.800,19.823,20.207,311.482,10,250
1,26,313.486,0,9.510,9.533,9.900,323.386,10,260
1,27,325.387,0,12.463,12.473,12.799,338.186,10,270
1,28,340.190,0,5.656,5.674,6.019,346.209,10,280
1,29,348.212,0,16.048,16.061,16.399,364.611,10,290
1,30,366.614,0,0.341,0.360,0.902,367.515,10,300
1,31,369.516,0,13.257,13.282,13.573,383.089,10,310
1,32,385.091,0,3.034,3.043,3.398,388.488,10,320
1,33,390.492,0,16.774,16.785,17.070,407.562,10,330
1,34,409.565,0,13.617,NaN,9.332,418.897,0,330
