1,1,1.002,0,16.607,16.617,16.981,17.982,10,10
1,2,19.985,0,17.717,17.726,18.106,38.091,10,20
1,3,40.092,0,1.420,1.437,1.743,41.835,10,30
1,4,43.839,0,7.723,7.746,8.098,51.936,10,40
1,5,53.941,0,3.743,3.763,4.097,58.037,10,50
1,6,60.040,0,13.982,14.005,14.354,74.394,10,60
1,7,76.394,0,10.161,10.173,10.464,86.859,10,70
1,8,88.862,0,7.313,7.327,7.727,96.589,10,80
1,9,98.590,0,3.517,3.535,3.904,102.494,10,90
1,10,104.495,0,9.208,9.218,9.500,113.995,10,100
1,11,115.999,0,5.502,5.518,5.908,121.907,10,110
1,12,123.909,0,1.570,1.593,1.910,125.819,10,120
1,13,127.823,0,13.755,13.788,14.104,141.927,10,130
1,14,143.930,0,10.222,10.236,10.539,154.470,10,140
1,15,156.472,0,17.911,17.921,18.232,174.704,10,150
1,16,176.706,0,17.420,17.430,17.743,194.448,10,160
1,17,196.452,0,5.460,5.470,5.794,202.246,10,170
1,18,204.249,0,18.050,18.067,18.390,222.639,10,180
1,19,224.640,0,10.035,10.048,10.406,235.046,10,190
1,20,237.046,0,3.126,3.144,3.564,240.610,10,200
1,21,242.613,0,17.340,17.353,17.771,260.385,10,210
1,22,262.388,0,13.908,13.919,14.306,276.694,10,220
1,23,278.697,0,0.374,0.395,0.896,279.594,10,230
1,24,281.597,0,8.038,8.050,8.366,289.963,10,240
1,25,291.965,0,3.171,3.184,3.572,295.538,10,250
1,26,297.541,0,8.732,8.747,9.054,306.595,10,260
1,27,308.599,0,6.894,6.911,7.196,315.794,10,270
1,28,317.799,0,11.799,11.817,12.099,329.898,10,280
1,29,331.901,0,13.259,13.290,13.775,345.675,10,290
1,30,347.679,0,2.276,2.297,2.648,350.327,10,300
1,31,352.328,0,17.689,17.707,18.025,370.353,10,310
1,32,372.355,0,15.940,NaN,14.237,386.592,0,310
1,33,388.594,0,11.674,11.689,12.074,400.668,10,320
1,34,402.671,0,0.740,0.763,1.237,403.908,10,330
1,35,405.910,0,8.131,8.162,8.543,414.454,10,340
