1,1,1.000,0,1.443,1.467,1.893,2.893,10,10
1,2,4.894,0,11.737,11.747,12.169,17.063,10,20
1,3,19.066,0,13.445,13.466,13.821,32.887,10,30
1,4,34.889,0,4.612,4.630,5.148,40.037,10,40
1,5,42.039,0,6.694,6.717,7.181,49.220,10,50
1,6,51.222,0,16.169,16.177,16.547,67.769,10,60
1,7,69.773,0,18.314,18.335,18.636,88.410,10,70
1,8,90.413,0,8.189,8.200,8.574,98.986,10,80
1,9,100.989,0,6.390,6.412,6.763,107.752,10,90
1,10,109.753,0,17.235,17.257,17.576,127.330,10,100
1,11,129.332,0,2.141,2.164,2.652,131.984,10,110
1,12,133.985,0,11.493,11.500,11.871,145.857,10,120
1,13,147.860,0,18.656,18.669,19.020,166.880,10,130
1,14,168.884,0,2.918,2.931,3.272,172.156,10,140
1,15,174.160,0,8.134,8.160,8.527,182.687,10,150
1,16,184.689,0,12.710,12.721,13.022,197.712,10,160
1,17,199.713,0,0.573,0.581,1.016,200.730,10,170
1,18,202.733,0,17.056,17.071,17.345,220.078,10,180
1,19,222.081,0,5.953,5.960,6.324,228.406,10,190
1,20,230.406,0,14.753,14.776,15.233,245.639,10,200
1,21,247.643,0,18.187,18.200,18.548,266.191,10,210
1,22,268.195,0,11.143,11.154,11.500,279.695,10,220
1,23,281.700,0,2.698,2.718,3.035,284.735,10,230
1,24,286.737,0,7.753,7.786,8.069,294.806,10,240
1,25,296.808,0,9.962,9.970,10.294,307.103,10,250
1,26,309.105,0,10.821,10.830,11.148,320.253,10,260
1,27,322.256,0,12.765,12.786,13.086,335.342,10,270
1,28,337.345,0,16.486,16.506,16.805,354.149,10,280
1,29,356.152,0,5.186,5.203,5.559,361.711,10,290
1,30,363.712,0,3.426,3.445,3.792,367.503,10,300
1,31,369.506,0,0.718,0.736,1.206,370.712,10,310
1,32,372.714,0,18.884,18.905,19.220,391.934,10,320
1,33,393.936,0,8.144,8.155,8.446,402.382,10,330
1,34,404.384,0,4.330,4.343,4.710,409.094,10,340
1,35,411.096,0,14.772,NaN,6.216,417.312,0,340
1,36,419.313,0,0.176,0.186,0.614,419.927,10,350
