1,1,1.002,0,5.479,5.501,5.941,6.943,10,10
1,2,8.945,0,10.906,10.931,11.311,20.256,10,20
1,3,22.259,0,19.631,19.660,20.232,42.491,10,30
1,4,44.493,0,16.663,16.686,17.111,61.604,10,40
1,5,63.605,0,1.552,1.576,2.038,65.643,10,50
1,6,67.646,0,8.239,8.256,8.665,76.312,10,60
1,7,78.315,0,13.635,13.662,14.028,92.343,10,70
1,8,94.343,0,4.292,4.303,4.706,99.050,10,80
1,9,101.053,0,18.938,18.953,19.352,120.405,10,90
1,10,122.408,0,14.098,14.107,14.491,136.899,10,100
1,11,138.901,0,7.157,7.168,7.612,146.514,10,110
1,12,148.517,0,3.541,3.555,3.983,152.500,10,120
1,13,154.503,0,11.227,11.242,11.643,166.147,10,130
1,14,168.151,0,9.957,9.967,10.367,178.517,10,140
1,15,180.520,0,2.183,2.200,3.334,183.853,10,150
1,16,185.857,0,15.765,15.788,16.229,202.086,10,160
1,17,204.091,0,13.468,13.479,13.861,217.952,10,170
1,18,219.954,0,8.952,8.971,9.372,229.325,10,180
1,19,231.327,0,5.156,5.169,5.538,236.865,10,190
1,20,238.867,0,17.836,17.854,18.237,257.104,10,200
1,21,259.106,0,1.483,1.500,1.839,260.946,10,210
1,22,262.948,0,15.527,15.550,15.913,278.861,10,220
1,23,280.865,0,3.100,3.120,3.460,284.325,10,230
1,24,286.327,0,10.690,10.714,11.088,297.415,10,240
1,25,299.418,0,10.464,10.479,10.937,310.355,10,250
1,26,312.359,0,6.951,6.959,7.400,319.759,10,260
1,27,321.762,0,19.054,19.066,19.487,341.249,10,270
1,28,343.253,0,4.339,4.362,4.763,348.016,10,280
1,29,350.017,0,0.925,0.949,1.583,351.600,10,290
1,30,353.603,0,9.467,9.486,9.867,363.469,10,300
1,31,365.472,0,13.890,13.908,14.322,379.794,10,310
1,32,381.795,0,15.396,15.410,15.761,397.556,10,320
1,33,399.561,0,17.678,17.703,18.125,417.686,10,330
