1,1,1.001,0,1.482,1.500,2.635,3.636,10,10
1,2,5.640,0,13.620,13.635,14.746,20.386,10,20
1,3,22.388,0,2.518,2.540,3.862,26.251,10,30
1,4,28.253,0,16.144,16.168,17.430,45.682,10,40
1,5,47.684,0,6.912,6.925,8.394,56.078,10,50
1,6,58.081,0,12.414,12.436,13.638,71.718,10,60
1,7,73.722,0,9.927,9.951,11.449,85.171,10,70
1,8,87.174,0,18.812,18.826,20.180,107.354,10,80
1,9,109.357,0,11.984,12.000,13.590,122.947,10,90
1,10,124.950,0,14.628,14.649,16.710,141.660,10,100
1,11,143.663,0,0.625,0.639,2.590,146.253,10,110
1,12,148.255,0,7.451,7.469,8.576,156.830,10,120
1,13,158.833,0,15.979,16.000,16.571,175.404,10,130
1,14,177.408,0,9.110,9.130,9.958,187.366,10,140
1,15,189.368,0,19.354,19.364,19.963,209.331,10,150
1,16,211.332,0,3.571,3.586,5.911,217.243,10,160
1,17,219.245,0,13.783,13.799,15.189,234.434,10,170
1,18,236.434,0,5.145,5.164,5.992,242.426,10,180
1,19,244.428,0,17.057,17.079,17.657,262.085,10,190
1,20,264.088,0,11.619,11.642,12.247,276.336,10,200
1,21,278.340,0,1.764,1.776,7.741,286.081,10,210
1,22,288.085,0,2.739,2.753,3.388,291.473,10,220
1,23,293.475,0,19.454,19.474,20.542,314.017,10,230
1,24,316.018,0,9.502,9.536,10.916,326.934,10,240
1,25,328.937,0,11.521,11.541,12.734,341.672,10,250
1,26,343.673,0,17.521,17.531,18.551,362.224,10,260
1,27,364.226,0,13.641,13.652,14.271,378.497,10,270
1,28,380.499,0,3.962,3.984,4.843,385.341,10,280
1,29,387.345,0,5.989,6.008,6.600,393.946,10,290
1,30,395.947,0,1.685,1.708,2.209,398.156,10,300
1,31,400.159,0,16.136,16.155,16.692,416.851,10,310
