1,1,1.001,0,14.407,14.423,14.775,15.775,10,10
1,2,17.777,0,18.781,18.790,19.175,36.952,10,20
1,3,38.956,0,1.950,1.963,2.405,41.361,10,30
1,4,43.365,0,6.339,6.358,6.773,50.138,10,40
1,5,52.140,0,17.179,17.193,17.616,69.756,10,50
1,6,71.758,0,10.399,10.414,10.844,82.602,10,60
1,7,84.605,0,4.161,4.171,4.603,89.207,10,70
1,8,91.210,0,8.287,8.304,8.667,99.877,10,80
1,9,101.880,0,10.950,10.974,11.392,113.272,10,90
1,10,115.274,0,8.047,8.068,8.482,123.756,10,100
1,11,125.759,0,13.674,13.690,14.258,140.018,10,110
1,12,142.019,0,2.587,2.600,3.140,145.158,10,120
1,13,147.160,0,1.208,1.227,1.597,148.757,10,130
1,14,150.759,0,6.441,6.449,6.863,157.622,10,140
1,15,159.625,0,19.749,19.760,20.208,179.833,10,150
1,16,181.835,0,16.855,16.875,17.236,199.071,10,160
1,17,201.074,0,13.954,13.978,14.428,215.502,10,170
1,18,217.506,0,8.152,8.167,8.651,226.157,10,180
1,19,228.158,0,16.009,16.024,16.369,244.528,10,190
1,20,246.531,0,5.467,5.489,5.970,252.500,10,200
1,21,254.502,0,18.698,18.710,19.100,273.603,10,210
1,22,275.606,0,12.321,12.330,12.801,288.408,10,220
1,23,290.409,0,1.108,1.129,1.695,292.104,10,230
1,24,294.107,0,3.003,3.033,3.445,297.553,10,240
1,25,299.556,0,14.949,14.959,15.397,314.954,10,250
1,26,316.956,0,12.097,12.116,13.427,330.384,10,260
1,27,332.385,0,18.890,18.915,19.346,351.731,10,270
1,28,353.733,0,7.177,7.187,7.645,361.378,10,280
1,29,363.380,0,9.131,9.163,9.586,372.966,10,290
1,30,374.968,0,2.033,2.060,2.511,377.480,10,300
1,31,379.482,0,15.937,15.956,16.391,395.872,10,310
1,32,397.875,0,4.854,4.866,5.308,403.183,10,320
1,33,405.184,0,1.442,1.458,1.893,407.077,10,330
