1,1,1.000,0,10.359,10.372,11.615,12.616,10,10
1,2,14.618,0,9.315,9.326,10.395,25.013,10,20
1,3,27.014,0,1.172,1.182,2.397,29.411,10,30
1,4,31.415,0,13.339,13.356,14.235,45.650,10,40
1,5,47.653,0,19.762,19.779,20.166,67.818,10,50
1,6,69.819,0,4.940,4.950,5.416,75.235,10,60
1,7,77.238,0,15.497,15.506,16.036,93.274,10,70
1,8,95.278,0,6.409,6.420,6.869,102.147,10,80
1,9,104.149,0,5.389,5.403,5.910,110.059,10,90
1,10,112.060,0,14.492,14.500,14.856,126.916,10,100
1,11,128.919,0,19.865,19.884,20.276,149.195,10,110
1,12,151.198,0,17.490,17.515,17.900,169.098,10,120
1,13,171.102,0,1.782,1.797,2.365,173.467,10,130
1,14,175.471,0,8.431,8.449,8.892,184.363,10,140
1,15,186.366,0,10.489,10.510,10.861,197.227,10,150
1,16,199.229,0,3.141,3.150,3.604,202.834,10,160
1,17,204.834,0,6.936,6.949,7.345,212.179,10,170
1,18,214.182,0,12.912,12.926,13.301,227.483,10,180
1,19,229.484,0,1.642,1.659,2.150,231.634,10,190
1,20,233.636,0,11.743,11.763,12.148,245.785,10,200
1,21,247.787,0,17.343,17.356,17.800,265.586,10,210
1,22,267.590,1,8.289,8.308,8.790,276.380,10,220
1,23,278.382,0,2.623,2.651,3.213,281.595,10,230
1,24,283.596,0,19.625,19.648,20.159,303.755,10,240
1,25,305.756,0,9.400,9.410,9.846,315.602,10,250
1,26,317.603,0,13.430,13.454,13.772,331.375,10,260
1,27,333.377,0,11.065,11.087,11.402,344.778,10,270
1,28,346.783,1,6.072,6.084,6.482,353.265,10,280
1,29,355.268,0,4.226,4.236,4.654,359.922,10,290
1,30,361.925,0,18.456,18.472,18.861,380.786,10,300
1,31,382.787,0,0.804,0.811,1.279,384.065,10,310
1,32,386.067,0,17.196,NaN,1.298,387.365,0,310
1,33,389.367,0,0.939,0.951,1.476,390.843,10,320
1,34,392.845,0,14.193,NaN,0.364,393.209,0,320
1,35,395.212,0,19.442,19.451,19.802,415.015,10,330
1,36,417.016,1,3.208,NaN,0.316,417.331,0,330
1,37,419.335,1,10.968,NaN,0.564,419.899,0,330
