1,1,1.001,0,0.927,0.950,1.557,2.558,10,10
1,2,4.560,0,3.490,3.511,4.081,8.640,10,20
1,3,10.642,0,6.349,6.366,6.798,17.440,10,30
1,4,19.444,0,19.865,19.875,20.290,39.734,10,40
1,5,41.736,0,8.746,8.754,9.246,50.982,10,50
1,6,52.985,0,12.623,12.646,13.014,65.999,10,60
1,7,68.017,0,12.048,12.071,12.523,80.539,10,70
1,8,82.541,0,15.868,15.889,16.284,98.824,10,80
1,9,100.828,0,4.638,4.656,5.114,105.942,10,90
1,10,107.943,0,15.226,15.248,15.696,123.639,10,100
1,11,125.644,0,6.632,6.652,7.048,132.692,10,110
1,12,134.695,0,19.721,19.745,20.147,154.841,10,120
1,13,156.845,0,10.426,10.434,10.888,167.733,10,130
1,14,169.735,0,8.878,8.899,9.423,179.158,10,140
1,15,181.160,0,0.958,0.976,1.549,182.709,10,150
1,16,184.712,0,14.990,15.000,15.435,200.147,10,160
1,17,202.148,0,0.021,0.048,0.703,202.851,10,170
1,18,204.853,0,7.641,7.664,8.127,212.980,10,180
1,19,214.980,0,16.981,16.997,17.428,232.408,10,190
1,20,234.409,0,6.375,6.388,6.875,241.284,10,200
1,21,243.287,0,3.952,3.964,4.581,247.868,10,210
1,22,249.870,0,19.152,19.174,19.644,269.515,10,220
1,23,271.517,0,14.391,14.402,14.820,286.337,10,230
1,24,288.337,0,11.302,11.321,11.713,300.051,10,240
1,25,302.055,0,7.953,7.975,8.421,310.475,10,250
1,26,312.477,0,3.212,3.222,3.711,316.188,10,260
1,27,318.191,0,10.102,10.115,10.597,328.788,10,270
1,28,330.790,0,15.748,15.757,16.175,346.965,10,280
1,29,348.967,0,14.425,14.438,14.912,363.880,10,290
1,30,365.881,0,18.377,18.384,18.791,384.673,10,300
1,31,386.674,0,2.185,2.194,2.655,389.329,10,310
1,32,391.331,0,7.088,7.107,7.593,398.924,10,320
1,33,400.929,0,16.733,16.753,17.271,418.199,10,330
