1,1,1.000,0,18.804,18.826,19.213,20.213,10,10
1,2,22.215,0,10.106,10.116,10.521,32.736,10,20
1,3,34.738,0,16.978,16.986,17.346,52.084,10,30
1,4,54.089,0,9.939,9.958,10.377,64.466,10,40
1,5,66.469,0,14.123,14.135,14.467,80.936,10,50
1,6,82.939,0,0.835,0.851,1.214,84.153,10,60
1,7,86.156,0,3.489,3.503,3.874,90.031,10,70
1,8,92.033,0,6.219,6.230,7.334,99.367,10,80
1,9,101.370,0,1.331,1.345,1.774,103.143,10,90
1,10,105.145,0,3.158,3.173,3.524,108.669,10,100
1,11,110.672,0,6.173,6.183,6.497,117.170,10,110
1,12,119.172,0,13.319,13.341,13.664,132.836,10,120
1,13,134.841,0,19.587,19.599,19.927,154.768,10,130
1,14,156.771,0,10.849,10.858,11.191,167.962,10,140
1,15,169.964,0,15.836,15.857,16.220,186.183,10,150
1,16,188.187,0,8.346,8.356,8.868,197.054,10,160
1,17,199.057,0,4.242,4.256,4.727,203.784,10,170
1,18,205.785,0,10.439,10.451,10.787,216.571,10,180
1,19,218.574,0,2.152,2.164,2.533,221.107,10,190
1,20,223.109,0,13.152,13.170,13.559,236.668,10,200
1,21,238.670,0,6.560,6.580,6.954,245.624,10,210
1,22,247.626,0,7.957,7.979,8.483,256.109,10,220
1,23,258.114,0,18.271,18.284,18.593,276.706,10,230
1,24,278.709,0,15.608,15.630,16.094,294.804,10,240
1,25,296.807,0,3.753,3.785,4.152,300.959,10,250
1,26,302.961,0,19.642,19.659,19.962,322.923,10,260
1,27,324.926,0,10.749,10.766,11.065,335.991,10,270
1,28,337.993,0,7.096,7.104,7.402,345.394,10,280
1,29,347.396,0,8.567,8.590,9.066,356.462,10,290
1,30,358.462,0,15.816,15.832,16.348,374.811,10,300
1,31,376.813,0,14.888,14.906,15.213,392.025,10,310
1,32,394.028,0,2.385,2.410,2.837,396.865,10,320
1,33,398.867,0,7.248,7.258,7.571,406.438,10,330
1,34,408.439,0,1.203,1.222,1.550,409.990,10,340
