1,1,1.002,0,1.477,1.499,1.871,2.873,10,10
1,2,4.875,0,13.114,13.134,13.486,18.360,10,20
1,3,20.363,0,7.949,7.967,8.337,28.700,10,30
1,4,30.703,0,15.178,15.202,15.520,46.223,10,40
1,5,48.224,0,10.515,10.537,10.988,59.212,10,50
1,6,61.214,0,4.794,4.817,5.151,66.365,10,60
1,7,68.368,0,19.414,19.423,19.738,88.106,10,70
1,8,90.109,0,7.258,7.287,7.662,97.771,10,80
1,9,99.773,0,18.295,18.316,18.741,118.514,10,90
1,10,120.517,0,7.514,7.526,7.894,128.412,10,100
1,11,130.413,0,6.169,6.185,6.520,136.933,10,110
1,12,138.937,0,14.618,14.636,15.046,153.983,10,120
1,13,155.986,0,17.053,17.063,17.398,173.383,10,130
1,14,175.388,0,1.869,1.880,2.242,177.629,10,140
1,15,179.632,0,4.611,4.621,5.043,184.676,10,150
1,16,186.676,0,11.560,11.584,11.932,198.608,10,160
1,17,200.610,0,19.071,19.094,19.424,220.034,10,170
1,18,222.036,0,13.914,13.926,14.261,236.297,10,180
1,19,238.298,0,10.195,10.203,10.538,248.836,10,190
1,20,250.840,0,2.164,2.197,2.581,253.420,10,200
1,21,255.423,0,16.846,16.856,17.179,272.602,10,210
1,22,274.604,0,3.134,3.160,3.452,278.057,10,220
1,23,280.058,0,5.184,5.194,5.550,285.608,10,230
1,24,287.611,0,9.027,9.046,9.398,297.009,10,240
1,25,299.027,0,10.679,10.703,11.021,310.048,10,250
1,26,312.051,0,4.780,4.799,5.150,317.201,10,260
1,27,319.204,0,19.347,19.356,19.679,338.883,10,270
1,28,340.886,0,9.123,9.147,9.535,350.420,10,280
1,29,352.423,0,1.350,1.361,1.866,354.289,10,290
1,30,356.291,0,5.285,5.297,5.738,362.030,10,300
1,31,364.030,0,16.283,16.300,16.603,380.633,10,310
1,32,382.635,0,12.856,12.869,13.211,395.846,10,320
1,33,397.848,0,18.939,18.949,19.401,417.249,10,330
