1,1,1.002,0,1.139,1.166,2.720,3.722,10,10
1,2,5.725,0,14.810,14.818,15.318,21.043,10,20
1,3,23.045,0,18.351,18.375,19.120,42.166,10,30
1,4,44.169,0,3.468,3.487,3.855,48.024,10,40
1,5,50.026,0,9.627,9.652,10.180,60.206,10,50
1,6,62.207,0,7.047,7.059,7.409,69.616,10,60
1,7,71.619,0,10.995,11.004,11.414,83.032,10,70
1,8,85.036,0,17.129,17.162,17.514,102.550,10,80
1,9,104.551,0,4.925,4.934,6.540,111.091,10,90
1,10,113.093,0,12.975,12.983,13.309,126.402,10,100
1,11,128.404,0,8.398,8.411,8.789,137.193,10,110
1,12,139.194,0,7.140,7.158,7.676,146.871,10,120
1,13,148.872,0,19.566,19.574,19.950,168.823,10,130
1,14,170.824,0,15.370,15.381,15.815,186.639,10,140
1,15,188.642,0,1.810,1.831,2.430,191.072,10,150
1,16,193.075,0,10.601,10.621,11.155,204.230,10,160
1,17,206.231,0,7.928,7.937,8.388,214.620,10,170
1,18,216.621,0,5.640,5.651,6.037,222.658,10,180
1,19,224.658,0,15.664,15.673,16.087,240.745,10,190
1,20,242.749,0,12.175,12.188,12.901,255.650,10,200
1,21,257.651,0,14.692,14.711,15.076,272.727,10,210
1,22,274.728,0,17.956,17.977,18.356,293.084,10,220
1,23,295.085,0,2.768,2.789,3.277,298.363,10,230
1,24,300.364,0,0.604,0.612,1.279,301.643,10,240
1,25,303.645,0,15.144,15.156,15.582,319.227,10,250
1,26,321.228,0,19.886,19.900,20.318,341.545,10,260
1,27,343.547,0,8.497,8.520,8.946,352.493,10,270
1,28,354.496,0,11.907,11.928,12.305,366.801,10,280
1,29,368.803,0,4.562,4.574,5.064,373.867,10,290
1,30,375.869,0,1.102,1.110,1.582,377.451,10,300
1,31,379.453,0,5.510,5.530,6.083,385.535,10,310
1,32,387.537,0,13.608,13.619,14.084,401.621,10,320
1,33,403.624,0,3.071,3.085,3.606,407.230,10,330
