1,1,1.001,0,18.068,18.075,18.350,19.350,10,10
1,2,21.352,0,12.010,12.030,12.365,33.717,10,20
1,3,35.718,0,9.708,9.720,10.032,45.750,10,30
1,4,47.751,0,17.405,17.414,17.736,65.487,10,40
1,5,67.487,0,13.219,13.234,13.566,81.054,10,50
1,6,83.055,0,3.988,4.003,4.400,87.455,10,60
1,7,89.457,0,7.229,7.239,7.917,97.374,10,70
1,8,99.375,0,0.804,0.823,1.217,100.591,10,80
1,9,102.593,0,10.507,10.527,10.830,113.423,10,90
1,10,115.424,0,4.558,4.566,4.861,120.286,10,100
1,11,122.288,0,0.684,0.704,1.071,123.359,10,110
1,12,125.360,0,5.576,5.585,5.912,131.272,10,120
1,13,133.274,0,19.844,19.865,20.156,153.430,10,130
1,14,155.430,0,16.168,16.184,16.519,171.949,10,140
1,15,173.952,0,9.120,9.135,9.487,183.438,10,150
1,16,185.439,0,13.404,13.422,13.728,199.167,10,160
1,17,201.170,0,8.865,8.880,9.221,210.391,10,170
1,18,212.394,0,3.685,3.691,4.011,216.406,10,180
1,19,218.408,0,16.006,16.037,16.343,234.751,10,190
1,20,236.752,0,5.872,5.880,6.216,242.968,10,200
1,21,244.970,0,0.350,0.363,0.724,245.693,10,210
1,22,247.696,0,17.624,17.646,17.998,265.694,10,220
1,23,267.696,0,14.783,14.804,15.232,282.928,10,230
1,24,284.930,0,11.800,11.810,12.163,297.094,10,240
1,25,299.096,0,8.361,8.383,8.751,307.847,10,250
1,26,309.849,0,10.736,10.753,11.045,320.894,10,260
1,27,322.897,0,4.171,4.191,4.790,327.688,10,270
1,28,329.688,0,15.203,15.225,15.529,345.217,10,280
1,29,347.218,0,5.323,5.332,5.778,352.996,10,290
1,30,354.999,0,0.071,0.086,0.692,355.692,10,300
1,31,357.693,0,19.622,19.636,19.970,377.663,10,310
1,32,379.665,0,14.052,14.072,14.416,394.080,10,320
1,33,396.082,0,7.531,7.543,7.905,403.986,10,330
