1,1,1.001,0,14.128,14.150,20.497,21.497,10,10
1,2,23.499,0,19.884,19.899,21.335,44.834,10,20
1,3,46.836,0,17.089,17.105,19.550,66.385,10,30
1,4,68.389,0,3.851,3.873,7.047,75.436,10,40
1,5,77.440,0,1.261,1.275,5.221,82.660,10,50
1,6,84.665,0,7.352,7.373,8.358,93.023,10,60
1,7,95.024,0,8.634,8.653,9.678,104.702,10,70
1,8,106.704,0,11.357,11.379,14.909,121.613,10,80
1,9,123.615,0,12.220,12.243,13.344,136.959,10,90
1,10,138.960,0,3.859,3.869,4.839,143.798,10,100
1,11,145.802,0,19.742,19.754,20.526,166.327,10,110
1,12,168.329,0,15.275,15.285,15.893,184.222,10,120
1,13,186.224,0,1.282,1.292,2.093,188.317,10,130
1,14,190.317,0,14.536,14.557,15.057,205.374,10,140
1,15,207.374,0,7.965,7.988,8.600,215.975,10,150
1,16,217.979,0,5.491,5.504,6.932,224.912,10,160
1,17,226.915,0,4.389,4.405,6.315,233.230,10,170
1,18,235.234,0,9.316,9.326,10.115,245.349,10,180
1,19,247.352,0,14.105,14.116,14.720,262.072,10,190
1,20,264.074,0,1.519,1.529,2.398,266.472,10,200
1,21,268.474,0,19.788,19.807,20.421,288.895,10,210
1,22,290.899,0,10.734,10.755,11.286,302.185,10,220
1,23,304.188,0,6.603,6.620,7.325,311.513,10,230
1,24,313.515,0,16.598,16.619,18.280,331.795,10,240
1,25,333.796,0,11.132,11.161,11.763,345.559,10,250
1,26,347.562,0,17.763,17.789,18.338,365.900,10,260
1,27,367.903,0,4.975,4.985,5.539,373.442,10,270
1,28,375.445,0,14.444,14.467,15.122,390.567,10,280
1,29,392.569,0,5.773,5.797,6.567,399.136,10,290
1,30,401.138,0,1.844,1.864,2.766,403.903,10,300
