1,1,1.002,0,16.767,16.790,17.298,18.300,10,10
1,2,20.302,0,5.017,5.026,5.529,25.831,10,20
1,3,27.833,0,19.891,19.906,20.298,48.131,10,30
1,4,50.132,0,3.903,3.927,4.330,54.462,10,40
1,5,56.467,0,9.098,9.114,9.834,66.301,10,50
1,6,68.304,0,14.513,14.535,14.952,83.256,10,60
1,7,85.259,0,1.571,1.582,2.038,87.296,10,70
1,8,89.299,0,11.517,11.532,11.936,101.235,10,80
1,9,103.238,0,14.709,14.718,15.088,118.326,10,90
1,10,120.329,0,1.826,1.845,2.493,122.822,10,100
1,11,124.823,0,16.441,16.460,16.874,141.698,10,110
1,12,143.698,0,7.921,7.940,8.397,152.095,10,120
1,13,154.098,0,5.479,5.494,5.967,160.065,10,130
1,14,162.067,0,11.841,11.865,12.267,174.334,10,140
1,15,176.335,0,3.920,3.934,4.519,180.853,10,150
1,16,182.856,0,17.720,17.739,18.107,200.963,10,160
1,17,202.965,0,17.598,17.623,18.064,221.029,10,170
1,18,223.030,0,1.838,1.860,2.319,225.350,10,180
1,19,227.353,0,2.906,2.923,3.322,230.674,10,190
1,20,232.678,0,8.673,8.687,9.094,241.771,10,200
1,21,243.773,0,11.557,11.581,11.988,255.761,10,210
1,22,257.763,0,14.930,14.950,15.312,273.074,10,220
1,23,275.077,0,5.551,5.572,5.981,281.058,10,230
1,24,283.061,0,15.480,15.498,15.928,298.989,10,240
1,25,300.989,0,2.010,2.038,2.369,303.358,10,250
1,26,305.361,0,18.334,18.342,18.675,324.036,10,260
1,27,326.038,0,15.017,15.040,15.405,341.443,10,270
1,28,343.444,0,8.081,8.106,8.524,351.968,10,280
1,29,353.973,0,11.357,11.367,11.718,365.691,10,290
1,30,367.694,0,7.198,7.217,7.606,375.299,10,300
1,31,377.302,0,3.018,3.029,3.440,380.742,10,310
1,32,382.744,0,12.719,12.743,13.183,395.927,10,320
1,33,397.928,0,11.747,11.766,12.178,410.107,10,330
