1,1,1.001,0,40.000,NaN,1.447,2.448,0,0
1,2,4.451,0,1.318,1.335,1.373,5.824,10,10
1,3,7.826,0,40.000,NaN,0.783,8.609,0,10
1,4,10.614,0,0.279,0.292,0.700,11.314,10,20
1,5,13.317,0,22.431,NaN,1.411,14.728,0,20
1,6,16.731,0,40.000,NaN,0.910,17.642,0,20
1,7,19.646,0,0.601,0.614,0.996,20.641,10,30
1,8,22.645,0,3.287,NaN,1.179,23.824,0,30
1,9,25.827,0,9.655,NaN,0.877,26.704,0,30
1,10,28.705,0,40.000,NaN,1.511,30.216,0,30
1,11,32.218,0,1.507,1.531,1.899,34.118,10,40
1,12,36.120,0,4.293,NaN,1.927,38.047,0,40
1,13,40.048,0,0.637,0.654,1.038,41.087,10,50
1,14,43.089,0,40.000,NaN,1.567,44.656,0,50
1,15,46.659,0,0.283,0.297,0.702,47.360,10,60
1,16,49.364,0,40.000,NaN,1.691,51.055,0,60
1,17,53.059,0,3.473,NaN,1.405,54.464,0,60
1,18,56.465,0,20.418,NaN,1.823,58.289,0,60
1,19,60.290,0,40.000,NaN,1.671,61.961,0,60
1,20,63.963,0,40.000,NaN,1.526,65.489,0,60
1,21,67.491,0,1.695,NaN,1.604,69.095,0,60
1,22,71.097,0,40.000,NaN,2.126,73.223,0,60
1,23,75.224,0,0.263,0.279,0.734,75.958,10,70
1,24,77.961,0,1.051,1.077,1.478,79.439,10,80
1,25,81.443,0,23.484,NaN,2.925,84.368,0,80
1,26,86.370,0,1.496,1.505,1.896,88.266,10,90
1,27,90.271,0,3.693,NaN,2.985,93.256,0,90
1,28,95.258,0,32.974,NaN,2.640,97.898,0,90
1,29,99.899,0,40.000,NaN,3.093,102.992,0,90
1,30,104.995,0,40.000,NaN,2.140,107.136,0,90
1,31,109.138,0,0.584,0.597,0.967,110.105,10,100
1,32,112.108,0,0.257,0.279,0.685,112.793,10,110
1,33,114.795,0,0.375,0.393,0.701,115.496,10,120
1,34,117.499,0,6.076,NaN,1.774,119.273,0,120
1,35,121.276,0,40.000,NaN,3.735,125.011,0,120
1,36,127.029,0,0.201,0.215,0.610,127.639,10,130
1,37,129.643,0,1.590,1.603,1.980,131.623,10,140
1,38,133.627,0,40.000,NaN,2.476,136.103,0,140
1,39,138.106,0,40.000,NaN,1.124,139.230,0,140
1,40,141.234,0,9.063,NaN,2.367,143.601,0,140
1,41,145.604,0,0.868,0.882,1.300,146.904,10,150
1,42,148.907,0,0.146,0.164,0.559,149.465,10,160
1,43,151.467,0,40.000,NaN,1.748,153.216,0,160
1,44,155.219,0,1.431,1.455,1.598,156.817,10,170
1,45,158.820,0,8.076,NaN,2.277,161.097,0,170
1,46,163.098,0,40.000,NaN,1.077,164.176,0,170
1,47,166.177,0,40.000,NaN,2.377,168.554,0,170
1,48,170.558,0,6.838,NaN,2.699,173.256,0,170
1,49,175.259,0,1.130,1.158,1.517,176.776,10,180
1,50,178.779,0,0.657,0.673,1.101,179.880,10,190
1,51,181.884,0,9.237,NaN,2.485,184.368,0,190
1,52,186.371,0,40.000,NaN,1.869,188.240,0,190
1,53,190.242,0,0.056,0.065,0.455,190.697,10,200
1,54,192.701,0,40.000,NaN,2.190,194.891,0,200
1,55,196.893,0,2.975,NaN,1.770,198.662,0,200
1,56,200.666,0,40.000,NaN,1.427,202.093,0,200
1,57,204.096,0,40.000,NaN,1.661,205.757,0,200
1,58,207.759,0,13.897,NaN,1.764,209.524,0,200
1,59,211.526,0,32.973,NaN,1.971,213.497,0,200
1,60,215.498,0,6.934,NaN,2.175,217.673,0,200
1,61,219.674,0,0.921,0.930,1.352,221.026,10,210
1,62,223.027,0,2.051,2.063,2.271,225.298,10,220
1,63,227.300,0,0.055,0.074,0.605,227.906,10,230
1,64,229.909,0,40.000,NaN,4.021,233.929,0,230
1,65,235.933,0,38.725,NaN,3.158,239.091,0,230
1,66,241.093,0,2.416,2.439,2.867,243.961,10,240
1,67,245.964,0,40.000,NaN,2.926,248.890,0,240
1,68,250.893,0,22.715,NaN,2.580,253.473,0,240
1,69,255.475,0,0.003,0.029,0.514,255.989,10,250
1,70,257.994,0,0.712,0.728,1.185,259.179,10,260
1,71,261.180,0,40.000,NaN,3.086,264.266,0,260
1,72,266.268,0,6.215,NaN,2.188,268.457,0,260
1,73,270.460,0,7.118,NaN,1.387,271.847,0,260
1,74,273.850,0,1.295,NaN,1.265,275.115,0,260
1,75,277.120,0,16.077,NaN,2.264,279.384,0,260
1,76,281.385,0,40.000,NaN,2.193,283.578,0,260
1,77,285.578,0,0.125,0.140,0.495,286.074,10,270
1,78,288.076,0,0.445,0.461,0.871,288.947,10,280
1,79,290.950,0,25.225,NaN,1.683,292.633,0,280
1,80,294.637,0,40.000,NaN,0.821,295.457,0,280
1,81,297.460,0,0.101,0.115,0.516,297.976,10,290
1,82,299.978,0,40.000,NaN,0.378,300.355,0,290
1,83,302.357,0,3.402,NaN,1.527,303.884,0,290
1,84,305.885,0,40.000,NaN,1.733,307.619,0,290
1,85,309.622,0,40.000,NaN,1.588,311.210,0,290
1,86,313.211,0,2.742,NaN,1.582,314.793,0,290
1,87,316.794,0,0.921,0.940,1.344,318.137,10,300
1,88,320.139,0,17.600,NaN,1.862,322.001,0,300
1,89,324.022,0,40.000,NaN,1.115,325.137,0,300
1,90,327.140,0,2.374,NaN,1.661,328.802,0,300
1,91,330.803,0,0.219,0.237,0.661,331.465,10,310
1,92,333.466,0,40.000,NaN,1.376,334.842,0,310
1,93,336.846,0,40.000,NaN,1.851,338.697,0,310
1,94,340.699,0,2.999,NaN,1.857,342.556,0,310
1,95,344.558,0,10.775,NaN,1.362,345.921,0,310
1,96,347.925,0,0.443,0.457,0.813,348.738,10,320
1,97,350.739,0,2.131,NaN,1.727,352.466,0,320
1,98,354.469,0,6.294,NaN,1.574,356.043,0,320
1,99,358.046,0,40.000,NaN,1.764,359.810,0,320
1,100,361.812,0,0.089,0.109,0.511,362.323,10,330
1,101,364.326,0,8.302,NaN,1.406,365.731,0,330
1,102,367.734,0,40.000,NaN,1.036,368.770,0,330
1,103,370.774,0,1.013,1.036,1.387,372.161,10,340
1,104,374.162,0,40.000,NaN,1.417,375.579,0,340
1,105,377.581,0,1.807,NaN,1.280,378.860,0,340
1,106,380.862,0,0.430,0.452,0.836,381.698,10,350
1,107,383.701,0,0.118,0.131,0.549,384.250,10,360
1,108,386.251,0,40.000,NaN,1.654,387.905,0,360
1,109,389.908,0,3.444,NaN,1.775,391.683,0,360
1,110,393.686,0,40.000,NaN,2.148,395.835,0,360
1,111,397.837,0,40.000,NaN,0.687,398.524,0,360
1,112,400.525,0,18.718,NaN,1.198,401.723,0,360
1,113,403.726,0,1.398,1.416,1.430,405.156,10,370
1,114,407.161,0,40.000,NaN,1.090,408.251,0,370
1,115,410.256,0,14.215,NaN,1.178,411.434,0,370
1,116,413.435,0,0.332,0.345,0.713,414.148,10,380
1,117,416.153,0,0.860,NaN,0.475,416.627,0,380
1,118,418.630,0,40.000,NaN,0.556,419.186,0,380
