1,1,1.001,0,13.080,13.089,13.555,14.556,10,10
1,2,16.558,0,9.185,9.204,9.697,26.255,10,20
1,3,28.257,0,7.170,7.193,7.742,35.999,10,30
1,4,38.001,0,11.297,11.306,11.748,49.748,10,40
1,5,51.749,0,4.830,4.845,5.360,57.108,10,50
1,6,59.109,0,17.283,17.294,17.799,76.908,10,60
1,7,78.910,0,0.251,0.261,0.863,79.773,10,70
1,8,81.774,0,17.773,17.790,18.315,100.089,10,80
1,9,102.090,0,10.255,10.280,10.993,113.083,10,90
1,10,115.083,0,0.827,0.838,1.575,116.659,10,100
1,11,118.660,0,4.537,4.548,5.082,123.743,10,110
1,12,125.745,0,13.970,13.987,14.490,140.236,10,120
1,13,142.237,0,17.055,17.072,17.610,159.847,10,130
1,14,161.848,0,18.733,18.754,19.187,181.036,10,140
1,15,183.037,0,5.727,5.736,6.399,189.436,10,150
1,16,191.439,0,9.954,9.973,10.392,201.830,10,160
1,17,203.833,0,3.668,3.682,4.184,208.016,10,170
1,18,210.018,0,19.058,19.074,19.543,229.560,10,180
1,19,231.564,0,14.974,14.986,15.590,247.153,10,190
1,20,249.156,0,7.338,7.348,7.935,257.092,10,200
1,21,259.093,0,1.612,1.631,2.179,261.272,10,210
1,22,263.276,0,12.115,12.138,12.667,275.943,10,220
1,23,277.945,0,7.979,7.991,8.525,286.470,10,230
1,24,288.473,0,17.463,17.488,17.993,306.466,10,240
1,25,308.468,0,3.963,3.980,4.811,313.279,10,250
1,26,315.281,0,16.185,16.209,16.662,331.944,10,260
1,27,333.945,0,7.012,7.033,7.581,341.526,10,270
1,28,343.529,0,0.040,0.051,0.590,344.119,10,280
1,29,346.119,0,10.086,10.099,10.622,356.741,10,290
1,30,358.743,0,12.905,12.916,13.362,372.106,10,300
1,31,374.110,0,18.617,18.626,19.144,393.254,10,310
1,32,395.256,0,9.228,9.253,9.692,404.948,10,320
