1,1,1.002,0,4.272,4.284,4.652,5.654,10,10
1,2,7.656,0,0.665,0.682,1.047,8.702,10,20
1,3,10.706,0,5.440,5.451,5.846,16.553,10,30
1,4,18.556,0,10.413,10.425,10.782,29.338,10,40
1,5,31.340,0,9.334,9.346,9.764,41.104,10,50
1,6,43.107,0,18.140,18.155,18.544,61.651,10,60
1,7,63.653,0,12.538,12.550,12.969,76.622,10,70
1,8,78.626,0,15.387,15.402,15.826,94.452,10,80
1,9,96.454,0,9.086,9.096,9.464,105.918,10,90
1,10,107.920,0,14.609,14.622,14.991,122.910,10,100
1,11,124.913,0,18.099,18.121,18.523,143.436,10,110
1,12,145.440,0,5.276,5.298,5.711,151.152,10,120
1,13,153.153,0,2.607,2.621,3.022,156.175,10,130
1,14,158.180,0,1.785,1.796,2.238,160.418,10,140
1,15,162.420,0,16.538,16.548,16.932,179.352,10,150
1,16,181.355,0,11.584,11.603,12.021,193.376,10,160
1,17,195.378,0,17.215,17.240,17.658,213.036,10,170
1,18,215.038,0,9.137,9.152,9.560,224.598,10,180
1,19,226.600,0,1.585,1.608,2.038,228.638,10,190
1,20,230.642,0,13.639,13.657,14.057,244.699,10,200
1,21,246.703,0,17.967,17.989,18.390,265.094,10,210
1,22,267.094,0,3.126,3.134,3.519,270.613,10,220
1,23,272.616,0,10.332,10.351,10.785,283.401,10,230
1,24,285.404,0,5.210,5.233,5.618,291.023,10,240
1,25,293.024,0,12.649,12.671,13.112,306.136,10,250
1,26,308.138,0,19.908,19.918,20.347,328.485,10,260
1,27,330.488,0,16.915,16.927,17.395,347.883,10,270
1,28,349.885,0,9.898,9.919,10.288,360.172,10,280
1,29,362.175,0,4.613,4.632,5.083,367.258,10,290
1,30,369.261,0,10.447,10.469,10.893,380.154,10,300
1,31,382.155,0,5.124,5.145,5.548,387.703,10,310
1,32,389.706,0,0.391,0.412,0.897,390.603,10,320
1,33,392.607,0,13.655,13.668,14.098,406.706,10,330
1,34,408.709,0,16.357,NaN,3.559,412.268,0,330
1,35,414.271,0,9.046,NaN,5.488,419.759,0,330
