1,1,1.002,0,14.421,14.438,14.901,15.903,10,10
1,2,17.907,0,15.504,15.525,15.932,33.839,10,20
1,3,35.842,0,10.238,10.246,10.565,46.407,10,30
1,4,48.408,0,17.694,17.706,18.024,66.433,10,40
1,5,68.434,0,8.726,8.735,9.089,77.523,10,50
1,6,79.526,0,5.555,5.564,5.973,85.500,10,60
1,7,87.502,0,3.594,3.607,3.998,91.500,10,70
1,8,93.503,0,2.430,2.442,2.840,96.343,10,80
1,9,98.345,0,3.124,3.136,3.623,101.969,10,90
1,10,103.972,0,16.474,16.485,16.875,120.847,10,100
1,11,122.850,0,6.601,6.611,7.016,129.866,10,110
1,12,131.870,0,0.838,0.859,1.276,133.146,10,120
1,13,135.148,0,10.758,10.787,11.104,146.252,10,130
1,14,148.257,0,19.253,19.289,19.594,167.851,10,140
1,15,169.855,0,8.732,8.746,9.102,178.956,10,150
1,16,180.959,0,13.618,13.633,13.934,194.892,10,160
1,17,196.896,0,1.732,1.748,2.173,199.068,10,170
1,18,201.072,0,16.436,16.447,16.772,217.844,10,180
1,19,219.846,0,13.541,13.547,13.969,233.816,10,190
1,20,235.820,0,3.322,3.343,3.645,239.465,10,200
1,21,241.466,0,10.487,10.503,10.842,252.308,10,210
1,22,254.310,0,19.555,19.570,19.894,274.204,10,220
1,23,276.205,0,6.309,6.329,6.662,282.867,10,230
1,24,284.869,0,8.607,8.620,8.995,293.864,10,240
1,25,295.865,0,4.194,4.211,4.575,300.439,10,250
1,26,302.443,0,9.985,10.005,10.574,313.016,10,260
1,27,315.017,0,2.030,2.050,2.425,317.442,10,270
1,28,319.444,0,17.727,17.749,18.102,337.546,10,280
1,29,339.551,0,5.598,5.613,5.976,345.526,10,290
1,30,347.529,0,10.179,10.191,10.528,358.057,10,300
1,31,360.060,0,13.697,13.717,14.111,374.170,10,310
1,32,376.173,0,15.080,15.096,15.474,391.647,10,320
1,33,393.648,0,11.654,11.677,12.188,405.837,10,330
1,34,407.839,0,1.453,1.471,1.829,409.668,10,340
1,35,411.670,0,12.901,NaN,7.413,419.082,0,340
