1,1,1.000,0,40.000,NaN,1.858,2.858,0,0
1,2,4.860,0,1.633,NaN,0.397,5.257,0,0
1,3,7.257,0,0.819,0.830,1.148,8.405,10,10
1,4,10.407,0,40.000,NaN,1.523,11.930,0,10
1,5,13.933,0,40.000,NaN,1.565,15.498,0,10
1,6,17.500,0,0.069,0.091,0.492,17.992,10,20
1,7,19.995,0,6.810,NaN,1.279,21.274,0,20
1,8,23.277,0,18.989,NaN,1.219,24.496,0,20
1,9,26.496,0,18.853,NaN,1.496,27.992,0,20
1,10,29.996,0,0.052,0.068,0.487,30.483,10,30
1,11,32.485,0,1.002,1.014,1.149,33.634,10,40
1,12,35.637,0,28.194,NaN,1.148,36.785,0,40
1,13,38.788,0,40.000,NaN,1.652,40.440,0,40
1,14,42.444,0,5.322,NaN,0.605,43.049,0,40
1,15,45.051,0,2.536,NaN,0.972,46.023,0,40
1,16,48.024,0,40.000,NaN,1.273,49.297,0,40
1,17,51.301,0,0.998,NaN,0.692,51.993,0,40
1,18,53.997,0,0.161,0.178,0.555,54.553,10,50
1,19,56.555,0,13.842,NaN,1.240,57.795,0,50
1,20,59.798,0,2.767,NaN,1.058,60.856,0,50
1,21,62.860,0,40.000,NaN,1.062,63.922,0,50
1,22,65.924,0,40.000,NaN,1.246,67.170,0,50
1,23,69.173,0,2.933,NaN,1.292,70.464,0,50
1,24,72.466,0,40.000,NaN,1.488,73.954,0,50
1,25,75.956,0,3.397,NaN,1.293,77.249,0,50
1,26,79.251,0,0.307,0.320,0.694,79.945,10,60
1,27,81.947,0,40.000,NaN,1.277,83.224,0,60
1,28,85.227,0,40.000,NaN,1.405,86.632,0,60
1,29,88.633,0,0.592,0.609,1.023,89.656,10,70
1,30,91.660,0,12.521,NaN,1.769,93.429,0,70
1,31,95.430,0,1.814,NaN,1.812,97.242,0,70
1,32,99.243,0,40.000,NaN,1.985,101.228,0,70
1,33,103.231,0,3.214,NaN,1.596,104.827,0,70
1,34,106.828,0,40.000,NaN,1.528,108.356,0,70
1,35,110.357,0,2.178,NaN,1.583,111.939,0,70
1,36,113.943,0,16.911,NaN,1.513,115.456,0,70
1,37,117.457,0,39.480,NaN,1.687,119.144,0,70
1,38,121.147,0,40.000,NaN,1.399,122.546,0,70
1,39,124.548,0,0.339,0.361,0.743,125.291,10,80
1,40,127.294,0,1.065,1.083,1.293,128.587,10,90
1,41,130.588,0,40.000,NaN,1.542,132.130,0,90
1,42,134.134,0,1.234,1.247,1.581,135.715,10,100
1,43,137.717,0,6.733,NaN,2.093,139.810,0,100
1,44,141.813,0,40.000,NaN,1.773,143.586,0,100
1,45,145.588,0,0.062,0.081,0.825,146.412,10,110
1,46,148.414,0,0.856,0.874,1.189,149.602,10,120
1,47,151.605,0,19.450,NaN,2.117,153.722,0,120
1,48,155.724,0,40.000,NaN,1.664,157.388,0,120
1,49,159.391,0,2.286,NaN,1.852,161.243,0,120
1,50,163.246,0,5.346,NaN,1.573,164.818,0,120
1,51,166.822,0,40.000,NaN,1.525,168.348,0,120
1,52,170.351,0,0.490,0.513,0.940,171.291,10,130
1,53,173.292,0,0.306,0.323,0.892,174.184,10,140
1,54,176.186,0,19.045,NaN,1.688,177.874,0,140
1,55,179.875,0,40.000,NaN,1.711,181.587,0,140
1,56,183.589,0,40.000,NaN,1.848,185.437,0,140
1,57,187.440,0,26.636,NaN,1.973,189.412,0,140
1,58,191.415,0,15.018,NaN,1.859,193.274,0,140
1,59,195.278,0,1.787,1.798,2.174,197.452,10,150
1,60,199.455,0,0.036,0.056,0.531,199.986,10,160
1,61,201.987,0,0.578,0.592,1.065,203.052,10,170
1,62,205.056,0,40.000,NaN,1.338,206.394,0,170
1,63,208.397,0,40.000,NaN,1.526,209.924,0,170
1,64,211.925,0,5.946,NaN,1.821,213.746,0,170
1,65,215.748,0,1.903,NaN,1.688,217.436,0,170
1,66,219.439,0,23.359,NaN,1.467,220.906,0,170
1,67,222.906,0,0.567,0.583,0.986,223.893,10,180
1,68,225.894,0,3.187,NaN,1.436,227.330,0,180
1,69,229.335,0,40.000,NaN,1.539,230.874,0,180
1,70,232.877,0,40.000,NaN,1.309,234.186,0,180
1,71,236.189,0,0.162,0.173,0.891,237.080,10,190
1,72,239.081,0,40.000,NaN,1.218,240.299,0,190
1,73,242.301,0,1.008,1.031,1.413,243.714,10,200
1,74,245.717,0,1.537,1.550,1.792,247.508,10,210
1,75,249.511,0,27.693,NaN,1.820,251.332,0,210
1,76,253.335,0,24.768,NaN,2.428,255.763,0,210
1,77,257.767,0,0.149,0.172,0.579,258.346,10,220
1,78,260.348,0,40.000,NaN,1.702,262.050,0,220
1,79,264.053,0,40.000,NaN,1.774,265.827,0,220
1,80,267.829,0,5.775,NaN,1.605,269.434,0,220
1,81,271.438,0,5.266,NaN,1.933,273.371,0,220
1,82,275.375,0,40.000,NaN,1.876,277.251,0,220
1,83,279.254,0,2.059,2.079,2.081,281.335,10,230
1,84,283.337,0,12.349,NaN,1.875,285.212,0,230
1,85,287.215,0,40.000,NaN,2.156,289.370,0,230
1,86,291.373,0,0.049,0.065,0.694,292.066,10,240
1,87,294.068,0,0.460,0.471,0.920,294.988,10,250
1,88,296.992,0,40.000,NaN,1.748,298.740,0,250
1,89,300.744,0,40.000,NaN,1.151,301.894,0,250
1,90,303.897,0,3.546,NaN,1.682,305.579,0,250
1,91,307.581,0,0.998,1.015,1.433,309.014,10,260
1,92,311.015,0,0.003,0.032,0.859,311.874,10,270
1,93,313.876,0,1.758,1.790,1.814,315.690,10,280
1,94,317.695,0,40.000,NaN,1.429,319.124,0,280
1,95,321.128,0,17.965,NaN,0.981,322.109,0,280
1,96,324.112,0,40.000,NaN,1.843,325.956,0,280
1,97,327.959,0,40.000,NaN,1.811,329.771,0,280
1,98,331.773,0,12.719,NaN,1.728,333.501,0,280
1,99,335.503,0,40.000,NaN,1.641,337.144,0,280
1,100,339.147,0,0.004,0.030,0.719,339.866,10,290
1,101,341.869,0,1.040,1.060,1.494,343.363,10,300
1,102,345.363,0,2.586,NaN,1.336,346.699,0,300
1,103,348.701,0,4.108,NaN,1.534,350.235,0,300
1,104,352.237,0,40.000,NaN,1.430,353.667,0,300
1,105,355.670,0,0.164,0.181,0.645,356.316,10,310
1,106,358.319,0,40.000,NaN,1.723,360.042,0,310
1,107,362.043,0,0.961,0.995,1.377,363.421,10,320
1,108,365.423,0,40.000,NaN,1.731,367.155,0,320
1,109,369.157,0,9.793,NaN,1.623,370.780,0,320
1,110,372.782,0,38.826,NaN,1.789,374.571,0,320
1,111,376.573,0,1.154,1.172,1.549,378.122,10,330
1,112,380.124,0,3.863,NaN,1.525,381.649,0,330
1,113,383.651,0,40.000,NaN,2.145,385.796,0,330
1,114,387.799,0,40.000,NaN,1.541,389.340,0,330
1,115,391.341,0,29.810,NaN,1.022,392.363,0,330
1,116,394.366,0,0.210,0.221,0.614,394.980,10,340
1,117,396.982,0,14.962,NaN,1.525,398.507,0,340
1,118,400.510,0,3.777,NaN,1.476,401.986,0,340
1,119,403.987,0,0.418,0.437,0.785,404.772,10,350
1,120,406.775,0,1.540,1.552,1.553,408.328,10,360
1,121,410.332,0,40.000,NaN,1.479,411.811,0,360
1,122,413.812,0,3.373,3.386,4.521,418.333,10,370
