1,1,1.001,0,12.530,12.539,13.623,14.624,10,10
1,2,16.626,0,2.386,2.416,3.397,20.023,10,20
1,3,22.024,0,17.936,17.945,18.658,40.682,10,30
1,4,42.683,0,4.005,4.039,4.528,47.211,10,40
1,5,49.211,0,5.797,5.815,6.238,55.449,10,50
1,6,57.453,0,7.521,7.528,7.910,65.363,10,60
1,7,67.364,0,11.462,11.473,12.525,79.889,10,70
1,8,81.892,0,16.458,16.472,16.968,98.860,10,80
1,9,100.863,0,12.636,12.657,13.055,113.918,10,90
1,10,115.920,0,5.736,5.754,6.301,122.221,10,100
1,11,124.223,0,17.151,17.160,17.605,141.829,10,110
1,12,143.830,0,11.857,11.877,12.234,156.064,10,120
1,13,158.065,0,17.874,17.885,18.270,176.335,10,130
1,14,178.337,0,8.250,8.268,8.715,187.052,10,140
1,15,189.055,0,1.171,1.185,1.597,190.652,10,150
1,16,192.654,0,4.627,4.656,5.168,197.822,10,160
1,17,199.824,0,16.723,16.745,17.118,216.942,10,170
1,18,218.943,0,13.155,13.166,13.901,232.845,10,180
1,19,234.846,0,9.490,9.503,10.021,244.867,10,190
1,20,246.870,0,0.435,0.447,0.987,247.857,10,200
1,21,249.858,0,10.478,10.499,11.113,260.971,10,210
1,22,262.973,0,18.812,18.827,19.238,282.211,10,220
1,23,284.213,0,2.565,2.573,3.326,287.538,10,230
1,24,289.542,0,5.030,5.048,5.483,295.024,10,240
1,25,297.025,0,10.541,10.554,10.989,308.014,10,250
1,26,310.015,0,3.120,3.134,3.744,313.759,10,260
1,27,315.759,0,18.135,18.149,18.573,334.332,10,270
1,28,336.334,0,9.458,9.480,9.898,346.232,10,280
1,29,348.233,0,16.916,16.923,17.392,365.624,10,290
1,30,367.626,0,2.024,2.032,2.431,370.057,10,300
1,31,372.058,0,5.377,5.404,5.794,377.852,10,310
1,32,379.855,0,14.678,14.699,15.167,395.022,10,320
1,33,397.023,0,2.859,2.867,3.348,400.371,10,330
1,34,402.374,0,0.017,0.033,0.725,403.099,10,340
1,35,405.101,0,14.016,14.031,14.427,419.527,10,350
