1,1,1.002,0,1.403,1.415,1.719,2.722,10,10
1,2,4.725,0,11.928,11.949,12.291,17.016,10,20
1,3,19.027,0,6.228,6.251,6.641,25.669,10,30
1,4,27.672,0,9.103,9.112,9.538,37.209,10,40
1,5,39.211,0,3.928,3.942,4.260,43.472,10,50
1,6,45.475,0,19.449,19.472,19.796,65.271,10,60
1,7,67.273,0,12.599,12.615,12.913,80.186,10,70
1,8,82.188,0,15.473,15.491,15.897,98.086,10,80
1,9,100.086,0,14.324,14.334,14.653,114.739,10,90
1,10,116.742,0,17.951,17.972,18.290,135.032,10,100
1,11,137.034,0,3.437,3.449,3.771,140.804,10,110
1,12,142.808,0,2.069,2.078,2.410,145.217,10,120
1,13,147.221,0,10.791,10.821,11.139,158.360,10,130
1,14,160.363,0,16.606,16.620,16.921,177.285,10,140
1,15,179.286,0,9.342,9.353,9.691,188.977,10,150
1,16,190.981,0,5.870,5.878,6.263,197.245,10,160
1,17,199.246,0,14.284,14.305,14.627,213.873,10,170
1,18,215.876,0,15.351,15.367,15.670,231.546,10,180
1,19,233.548,0,2.282,2.297,2.671,236.219,10,190
1,20,238.221,0,17.948,17.967,18.268,256.489,10,200
1,21,258.493,0,4.948,4.965,5.266,263.760,10,210
1,22,265.763,0,11.141,11.151,11.456,277.220,10,220
1,23,279.224,0,6.902,6.911,7.202,286.426,10,230
1,24,288.428,0,8.957,8.979,9.302,297.730,10,240
1,25,299.733,0,18.731,18.751,19.030,318.763,10,250
1,26,320.766,0,14.063,14.076,14.394,335.160,10,260
1,27,337.163,0,0.558,0.580,0.967,338.130,10,270
1,28,340.134,0,15.198,15.218,15.532,355.666,10,280
1,29,357.669,0,7.799,7.820,8.156,365.826,10,290
1,30,367.827,0,12.366,12.386,12.655,380.482,10,300
1,31,382.487,0,5.727,5.747,6.090,388.577,10,310
1,32,390.577,0,2.506,2.525,2.894,393.471,10,320
1,33,395.475,0,3.166,3.181,3.473,398.947,10,330
1,34,400.949,0,10.356,10.379,10.733,411.682,10,340
