1,1,1.000,0,11.549,11.572,12.280,13.281,10,10
1,2,15.281,0,9.817,9.831,10.584,25.865,10,20
1,3,27.867,0,14.219,14.236,14.624,42.491,10,30
1,4,44.494,0,16.883,16.902,17.343,61.837,10,40
1,5,63.838,0,18.431,18.451,19.070,82.908,10,50
1,6,84.911,0,6.131,6.149,6.901,91.811,10,60
1,7,93.815,0,3.224,3.231,3.743,97.558,10,70
1,8,99.561,0,1.009,1.037,1.558,101.119,10,80
1,9,103.121,0,9.876,9.899,10.348,113.469,10,90
1,10,115.471,0,12.054,12.073,12.566,128.036,10,100
1,11,130.038,0,13.756,13.780,14.264,144.303,10,110
1,12,146.305,0,3.745,3.766,4.430,150.735,10,120
1,13,152.739,0,7.468,7.487,8.163,160.902,10,130
1,14,162.905,0,16.078,16.096,16.593,179.498,10,140
1,15,181.499,0,18.018,18.029,18.489,199.988,10,150
1,16,201.988,0,0.019,0.041,1.009,202.997,10,160
1,17,204.998,0,3.712,3.734,4.197,209.194,10,170
1,18,211.195,0,16.096,16.112,16.514,227.709,10,180
1,19,229.712,0,9.743,9.752,10.143,239.855,10,190
1,20,241.858,0,6.391,6.409,6.962,248.821,10,200
1,21,250.824,0,19.553,19.571,20.139,270.963,10,210
1,22,272.967,0,12.973,12.985,13.626,286.593,10,220
1,23,288.596,0,10.968,10.979,11.349,299.945,10,230
1,24,301.947,0,2.327,2.347,2.907,304.854,10,240
1,25,306.857,0,7.858,7.875,8.337,315.194,10,250
1,26,317.198,0,18.073,18.095,18.917,336.114,10,260
1,27,338.118,0,2.778,2.794,3.340,341.458,10,270
1,28,343.460,0,14.360,14.376,15.446,358.906,10,280
1,29,360.910,0,0.005,0.028,0.669,361.579,10,290
1,30,363.581,0,5.520,5.544,5.981,369.562,10,300
1,31,371.565,0,16.284,16.302,16.807,388.372,10,310
1,32,390.374,0,10.725,10.732,11.270,401.644,10,320
