1,1,0.502,0,13.591,13.600,14.160,14.662,8,8
1,2,15.666,0,9.267,9.291,9.694,25.360,8,16
1,3,26.363,0,1.924,1.946,2.499,28.861,-1,15
1,4,29.866,0,10.944,10.965,11.349,41.215,8,23
1,5,42.217,0,3.806,3.817,4.375,46.591,-1,22
1,6,47.594,0,0.833,0.841,1.396,48.990,-1,21
1,7,49.995,0,19.749,19.767,19.838,69.832,8,29
1,8,70.836,0,3.661,3.678,4.147,74.982,-1,28
1,9,75.984,0,5.377,5.400,5.795,81.779,-1,27
1,10,82.782,0,5.533,5.555,5.906,88.688,-1,26
1,11,89.689,0,1.887,1.900,2.280,91.969,-1,25
1,12,92.972,0,4.564,4.586,4.911,97.883,-1,24
1,13,98.883,0,13.490,13.498,13.870,112.754,8,32
1,14,113.756,0,12.242,12.266,12.606,126.362,8,40
1,15,127.364,0,3.064,3.076,3.527,130.891,-1,39
1,16,131.894,0,2.363,2.381,2.766,134.660,-1,38
1,17,135.661,0,23.316,23.326,23.708,159.370,8,46
1,18,160.372,0,6.559,6.569,7.021,167.393,-1,45
1,19,168.395,0,8.267,8.284,8.658,177.053,8,53
1,20,178.054,0,8.752,8.780,9.148,187.202,8,61
1,21,188.204,0,11.376,11.386,11.777,199.981,8,69
1,22,200.983,0,10.573,10.596,11.014,211.997,-1,68
1,23,212.999,0,2.280,2.298,2.680,215.679,-1,67
1,24,216.684,0,13.779,13.788,14.169,230.853,8,75
1,25,231.854,0,3.752,3.786,4.171,236.025,-1,74
1,26,237.029,0,17.210,17.221,17.613,254.642,8,82
1,27,255.643,0,0.893,0.907,1.340,256.983,-1,81
1,28,257.986,0,5.518,5.534,5.908,263.894,-1,80
1,29,264.896,0,9.208,9.230,9.729,274.625,8,88
1,30,275.629,0,0.625,0.648,1.092,276.720,-1,87
1,31,277.724,0,3.038,3.054,3.389,281.113,-1,86
1,32,282.115,0,6.338,6.350,6.746,288.861,-1,85
1,33,289.864,0,19.947,19.962,20.329,310.193,8,93
1,34,311.195,0,11.055,NaN,0.400,311.594,0,93
1,35,312.597,0,21.216,21.240,21.651,334.248,-1,92
1,36,335.250,0,3.949,3.973,4.407,339.656,-1,91
1,37,340.659,0,9.739,9.753,10.144,350.803,8,99
1,38,351.805,0,20.721,NaN,0.276,352.080,0,99
1,39,353.083,0,11.597,11.618,11.976,365.059,8,107
1,40,366.062,0,8.206,NaN,0.320,366.382,0,107
1,41,367.383,0,14.302,14.310,14.709,382.092,8,115
1,42,383.095,0,1.334,NaN,0.292,383.386,0,115
1,43,384.388,0,7.624,7.643,8.247,392.635,8,123
1,44,393.638,0,6.771,NaN,0.227,393.865,0,123
1,45,394.867,0,11.786,11.805,12.176,407.043,8,131
1,46,408.046,0,22.247,NaN,0.050,408.096,0,131
1,47,409.098,0,18.710,18.733,19.135,428.233,8,139
1,48,429.234,0,7.569,NaN,0.226,429.460,0,139
1,49,430.463,0,15.168,15.177,15.604,446.067,8,147
1,50,447.070,0,2.177,NaN,0.317,447.387,0,147
1,51,448.389,0,4.496,4.504,5.165,453.555,-1,146
1,52,454.558,0,7.409,7.423,7.866,462.424,8,154
1,53,463.426,0,3.790,NaN,0.774,464.200,0,154
1,54,465.202,0,3.301,3.315,3.710,468.912,-1,153
1,55,469.914,0,7.703,7.724,8.123,478.037,8,161
1,56,479.041,0,1.291,NaN,0.186,479.228,0,161
1,57,480.229,0,13.458,13.483,13.868,494.098,8,169
1,58,495.101,0,18.835,NaN,0.298,495.400,0,169
1,59,496.402,0,11.406,11.417,11.830,508.233,8,177
1,60,509.234,0,13.878,NaN,0.929,510.163,0,177
1,61,511.165,0,3.146,3.157,3.713,514.879,-1,176
1,62,515.881,0,0.491,0.509,0.953,516.834,-1,175
1,63,517.838,0,8.630,8.657,9.032,526.871,8,183
1,64,527.874,0,5.634,NaN,0.315,528.189,0,183
1,65,529.192,0,2.835,2.856,3.391,532.582,-1,182
1,66,533.583,0,8.421,8.452,8.788,542.371,8,190
1,67,543.374,0,6.216,NaN,0.245,543.619,0,190
1,68,544.622,0,3.371,3.383,3.743,548.365,-1,189
1,69,549.367,0,1.980,1.989,2.353,551.720,-1,188
1,70,552.724,0,4.267,4.286,4.624,557.348,-1,187
1,71,558.350,0,10.946,10.966,11.384,569.733,8,195
1,72,570.737,0,9.806,9.817,10.182,580.919,8,203
2,1,0.500,0,19.333,19.342,19.958,20.459,-1,202
2,2,21.460,0,7.073,7.086,7.662,29.123,8,210
2,3,30.127,0,0.893,NaN,0.276,30.402,0,210
2,4,31.404,0,10.076,10.099,10.517,41.921,8,218
2,5,42.924,0,9.799,NaN,0.177,43.101,0,218
2,6,44.104,0,2.574,2.585,3.374,47.477,8,226
2,7,48.481,0,19.865,NaN,0.173,48.654,0,226
2,8,49.659,0,7.359,7.368,7.838,57.497,-1,225
2,9,58.499,0,11.196,11.217,11.565,70.065,-1,224
2,10,71.068,0,3.873,3.884,4.269,75.337,8,232
2,11,76.339,0,4.055,NaN,0.178,76.517,0,232
2,12,77.521,0,9.237,9.253,9.771,87.293,-1,231
2,13,88.295,0,18.023,18.039,18.407,106.702,-1,230
2,14,107.706,0,1.603,1.612,2.051,109.757,8,238
2,15,110.759,0,26.694,NaN,5.827,116.587,0,238
2,16,117.588,0,2.727,2.735,3.082,120.670,8,246
2,17,121.672,0,11.595,NaN,0.467,122.140,0,246
2,18,123.140,0,6.127,6.154,6.532,129.673,8,254
2,19,130.675,0,11.420,NaN,0.352,131.027,0,254
2,20,132.031,0,16.089,16.106,16.594,148.625,-1,253
2,21,149.628,0,14.053,14.066,14.530,164.158,-1,252
2,22,165.160,0,3.780,3.803,4.152,169.313,8,260
2,23,170.314,0,2.050,NaN,0.342,170.656,0,260
2,24,171.657,0,9.726,NaN,9.653,181.311,0,260
2,25,182.313,0,6.665,6.677,7.158,189.470,8,268
2,26,190.472,0,26.992,NaN,10.258,200.730,0,268
2,27,201.732,0,20.167,NaN,11.770,213.502,0,268
2,28,214.520,0,9.895,9.903,10.295,224.816,-1,267
2,29,225.818,0,14.039,14.062,14.397,240.215,-1,266
2,30,241.216,0,1.880,1.916,2.223,243.439,8,274
2,31,244.441,0,8.084,8.095,8.539,252.981,-1,273
2,32,253.983,0,1.024,1.054,1.717,255.700,8,281
2,33,256.701,0,10.164,10.175,10.582,267.283,-1,280
2,34,268.285,0,1.179,1.192,1.689,269.974,8,288
2,35,270.978,0,11.707,NaN,7.047,278.025,0,288
2,36,279.029,0,11.964,NaN,7.232,286.261,0,288
2,37,287.264,0,7.969,7.992,8.033,295.297,-1,287
2,38,296.299,0,2.217,2.226,2.622,298.921,8,295
2,39,299.924,0,4.717,4.737,5.092,305.016,-1,294
2,40,306.020,0,4.311,4.327,4.699,310.719,8,302
2,41,311.720,0,6.222,6.230,6.582,318.302,8,310
2,42,319.303,0,2.323,2.332,2.751,322.055,8,318
2,43,323.058,0,8.504,NaN,7.267,330.324,0,318
2,44,331.326,0,4.868,4.883,5.268,336.594,-1,317
2,45,337.595,0,11.688,11.704,12.037,349.632,-1,316
2,46,350.634,0,2.231,2.250,2.664,353.298,8,324
2,47,354.302,0,1.169,1.183,1.570,355.872,8,332
2,48,356.874,0,1.700,1.713,2.084,358.957,8,340
2,49,359.959,0,2.357,2.379,2.897,362.857,8,348
2,50,363.859,0,2.566,2.581,2.970,366.830,8,356
2,51,367.832,0,3.436,3.444,3.765,371.597,8,364
2,52,372.599,0,19.658,NaN,7.489,380.089,0,364
2,53,381.092,0,4.163,4.174,4.548,385.640,8,372
2,54,386.641,0,5.884,5.911,6.287,392.928,-1,371
2,55,393.930,0,10.137,NaN,8.184,402.114,0,371
2,56,403.115,0,14.341,NaN,8.014,411.130,0,371
2,57,412.131,0,3.957,3.982,4.334,416.465,8,379
2,58,417.466,0,1.699,1.715,2.079,419.545,8,387
2,59,420.547,0,3.575,3.587,3.933,424.480,8,395
2,60,425.483,0,13.663,NaN,7.660,433.143,0,395
2,61,434.143,0,10.475,NaN,8.085,442.228,0,395
2,62,443.230,0,10.669,NaN,7.769,450.998,0,395
2,63,452.001,0,5.512,5.532,6.061,458.062,-1,394
2,64,459.066,0,6.584,6.605,6.919,465.985,-1,393
2,65,466.988,0,19.071,NaN,8.309,475.297,0,393
2,66,476.300,0,2.899,2.910,3.295,479.596,8,401
2,67,480.599,0,15.642,15.653,16.028,496.627,-1,400
2,68,497.631,0,17.801,NaN,7.454,505.085,0,400
2,69,506.089,0,10.320,NaN,7.208,513.297,0,400
2,70,514.299,0,6.298,6.314,6.716,521.015,-1,399
2,71,522.019,0,1.124,1.146,1.603,523.621,8,407
2,72,524.623,0,2.463,2.477,2.870,527.492,8,415
2,73,528.494,0,1.018,1.041,1.359,529.853,8,423
2,74,530.854,0,17.728,NaN,6.208,537.062,0,423
2,75,538.062,0,4.215,4.228,4.569,542.631,8,431
2,76,543.634,0,5.326,5.343,5.783,549.416,-1,430
2,77,550.421,0,5.399,5.409,5.761,556.181,8,438
2,78,557.183,0,3.067,3.082,3.524,560.707,8,446
2,79,561.712,0,2.148,2.172,2.524,564.235,8,454
2,80,565.238,0,10.650,NaN,6.936,572.174,0,454
2,81,573.176,0,10.381,NaN,7.871,581.047,0,454
2,82,582.049,0,10.120,NaN,6.987,589.036,0,454
2,83,590.039,0,10.180,NaN,2.331,592.370,0,454
2,84,593.373,0,3.556,NaN,2.126,595.499,0,454
2,85,596.501,0,3.983,NaN,2.768,599.269,0,454
3,1,0.500,0,17.857,17.875,18.369,18.869,8,462
3,2,19.872,0,9.177,9.191,9.525,29.397,8,470
3,3,30.400,0,10.261,10.286,10.637,41.037,8,478
3,4,42.038,0,16.230,16.239,16.591,58.629,8,486
3,5,59.631,0,3.534,3.548,3.905,63.537,-1,485
3,6,64.539,0,16.281,16.299,16.676,81.215,8,493
3,7,82.219,0,12.092,12.109,12.473,94.692,8,501
3,8,95.693,0,1.054,1.070,1.521,97.214,-1,500
3,9,98.214,0,12.343,12.355,12.647,110.861,8,508
3,10,111.865,0,3.656,3.673,4.049,115.914,-1,507
3,11,116.918,0,2.724,2.739,3.183,120.100,-1,506
3,12,121.102,0,7.793,7.808,8.185,129.288,8,514
3,13,130.289,0,0.544,0.556,0.933,131.222,-1,513
3,14,132.224,0,10.783,10.810,11.162,143.386,8,521
3,15,144.388,0,1.388,1.414,1.711,146.099,-1,520
3,16,147.102,0,4.990,5.003,5.416,152.519,-1,519
3,17,153.524,0,3.780,3.800,4.152,157.677,-1,518
3,18,158.680,0,1.187,1.195,1.579,160.260,-1,517
3,19,161.262,0,15.139,15.155,15.481,176.743,8,525
3,20,177.743,0,25.626,NaN,0.167,177.910,0,525
3,21,178.913,0,6.355,6.375,6.702,185.615,8,533
3,22,186.619,0,11.923,NaN,0.021,186.640,0,533
3,23,187.642,0,12.861,12.870,13.200,200.842,8,541
3,24,201.844,0,16.594,NaN,0.083,201.927,0,541
3,25,202.931,0,2.722,2.733,3.062,205.993,-1,540
3,26,206.995,0,12.305,12.325,12.673,219.668,8,548
3,27,220.670,0,5.901,NaN,0.190,220.860,0,548
3,28,221.862,0,7.736,7.747,8.099,229.961,8,556
3,29,230.963,0,24.952,NaN,0.067,231.030,0,556
3,30,232.032,0,1.558,1.578,1.929,233.961,-1,555
3,31,234.965,0,1.784,1.797,2.149,237.114,-1,554
3,32,238.117,0,8.271,8.283,8.592,246.709,-1,553
3,33,247.711,0,9.776,9.794,10.109,257.821,8,561
3,34,258.825,0,7.299,NaN,0.219,259.044,0,561
3,35,260.047,0,6.882,6.912,7.236,267.283,8,569
3,36,268.287,0,8.869,NaN,0.104,268.391,0,569
3,37,269.392,0,2.304,2.320,2.687,272.079,-1,568
3,38,273.081,0,3.283,NaN,0.232,273.313,0,568
3,39,274.315,0,24.510,24.526,24.849,299.164,8,576
3,40,300.167,0,6.432,NaN,0.163,300.330,0,576
3,41,301.331,0,1.628,1.662,1.987,303.318,-1,575
3,42,304.321,0,2.297,2.308,2.655,306.976,-1,574
3,43,307.979,0,1.354,1.368,1.680,309.658,-1,573
3,44,310.660,0,7.807,7.824,8.222,318.883,8,581
3,45,319.886,0,3.625,NaN,0.182,320.068,0,581
3,46,321.069,0,8.418,8.437,8.788,329.857,8,589
3,47,330.860,0,3.347,NaN,0.197,331.057,0,589
3,48,332.061,0,8.094,8.117,8.440,340.500,-1,588
3,49,341.502,0,14.511,14.533,14.900,356.402,8,596
3,50,357.406,0,9.828,NaN,0.148,357.554,0,596
3,51,358.556,0,4.854,4.866,5.230,363.786,-1,595
3,52,364.788,0,9.027,9.039,9.419,374.207,8,603
3,53,375.210,0,6.185,6.204,6.537,381.747,8,611
3,54,382.751,0,9.140,9.151,9.493,392.245,-1,610
3,55,393.246,0,17.254,17.282,17.634,410.879,8,618
3,56,411.880,0,1.876,1.883,2.230,414.110,8,626
3,57,415.113,0,4.968,4.986,5.364,420.478,-1,625
3,58,421.479,0,7.994,8.007,8.360,429.839,-1,624
3,59,430.843,0,3.478,3.497,3.873,434.716,-1,623
3,60,435.720,0,13.486,13.509,13.934,449.654,8,631
3,61,450.655,0,2.283,2.293,2.645,453.299,-1,630
3,62,454.302,0,9.319,9.334,9.682,463.984,8,638
3,63,464.989,0,11.978,NaN,0.189,465.178,0,638
3,64,466.180,0,6.686,6.694,7.015,473.195,-1,637
3,65,474.197,0,6.463,6.481,6.906,481.103,-1,636
3,66,482.106,0,3.143,3.157,3.509,485.615,-1,635
3,67,486.618,0,3.624,3.631,3.993,490.611,-1,634
3,68,491.615,0,17.405,17.426,17.780,509.395,8,642
3,69,510.398,0,16.058,16.069,16.565,526.962,8,650
3,70,527.963,0,5.500,5.523,5.891,533.854,-1,649
3,71,534.855,0,4.596,4.617,5.193,540.048,-1,648
3,72,541.052,0,2.765,2.789,3.274,544.326,-1,647
3,73,545.326,0,22.188,22.209,22.659,567.986,8,655
3,74,568.988,0,1.168,1.182,1.715,570.703,-1,654
3,75,571.705,0,9.295,9.303,9.733,581.439,8,662
3,76,582.441,0,7.451,7.471,7.890,590.331,8,670
3,77,591.333,0,2.323,2.348,2.863,594.196,-1,669
3,78,595.199,0,2.046,2.067,2.822,598.021,-1,668
4,1,0.501,0,9.868,9.887,10.238,10.738,-1,667
4,2,11.741,0,6.398,6.417,6.804,18.545,-1,666
4,3,19.549,0,2.222,2.244,2.608,22.157,8,674
4,4,23.160,0,5.352,5.370,5.747,28.907,8,682
4,5,29.911,0,4.830,4.855,5.273,35.185,8,690
4,6,36.186,0,19.573,NaN,9.912,46.098,0,690
4,7,47.100,0,6.808,6.825,7.200,54.300,-1,689
4,8,55.304,0,17.859,NaN,9.895,65.199,0,689
4,9,66.201,0,0.956,0.981,1.421,67.622,8,697
4,10,68.622,0,4.428,4.445,4.801,73.423,8,705
4,11,74.427,0,3.314,3.326,3.687,78.114,8,713
4,12,79.116,0,3.093,3.106,3.473,82.589,8,721
4,13,83.592,0,25.375,NaN,7.529,91.121,0,721
4,14,92.123,0,13.749,NaN,8.284,100.407,0,721
4,15,101.409,0,1.749,1.757,2.161,103.570,8,729
4,16,104.572,0,15.180,NaN,7.720,112.293,0,729
4,17,113.296,0,9.020,NaN,8.937,122.232,0,729
4,18,123.234,0,0.945,0.958,1.457,124.691,8,737
4,19,125.695,0,0.589,0.598,0.989,126.683,8,745
4,20,127.686,0,6.862,6.878,7.279,134.964,8,753
4,21,135.967,0,7.339,7.351,7.826,143.793,8,761
4,22,144.793,0,5.734,5.745,6.171,150.964,-1,760
4,23,151.967,0,1.656,1.672,2.057,154.024,8,768
4,24,155.025,0,2.704,2.717,3.070,158.094,8,776
4,25,159.098,0,7.775,NaN,7.341,166.440,0,776
4,26,167.442,0,16.888,NaN,8.868,176.310,0,776
4,27,177.313,0,4.703,4.724,5.142,182.454,8,784
4,28,183.457,0,9.736,NaN,6.652,190.108,0,784
4,29,191.112,0,11.907,NaN,9.087,200.199,0,784
4,30,201.201,0,8.865,8.882,8.972,210.173,-1,783
4,31,211.175,0,0.904,0.925,1.438,212.613,8,791
4,32,213.616,0,8.194,8.205,8.560,222.177,-1,790
4,33,223.180,0,4.902,4.912,5.283,228.463,8,798
4,34,229.466,0,13.495,NaN,7.781,237.248,0,798
4,35,238.251,0,11.660,NaN,8.068,246.320,0,798
4,36,247.322,0,3.529,3.547,3.950,251.272,-1,797
4,37,252.275,0,11.987,NaN,7.903,260.178,0,797
4,38,261.181,0,8.578,NaN,8.368,269.549,0,797
4,39,270.552,0,12.783,NaN,9.772,280.324,0,797
4,40,281.326,0,3.797,3.809,4.186,285.512,8,805
4,41,286.521,0,0.723,0.731,1.133,287.654,8,813
4,42,288.656,0,10.820,NaN,10.433,299.089,0,813
4,43,300.091,0,21.778,NaN,8.226,308.317,0,813
4,44,309.320,0,9.811,9.831,10.206,319.526,-1,812
4,45,320.527,0,3.596,3.610,3.970,324.496,8,820
4,46,325.500,0,3.109,3.122,3.539,329.039,-1,819
4,47,330.042,0,10.878,NaN,8.069,338.111,0,819
4,48,339.115,0,2.290,2.313,2.648,341.763,8,827
4,49,342.766,0,13.868,NaN,7.389,350.155,0,827
4,50,351.158,0,22.010,NaN,8.764,359.922,0,827
4,51,360.923,0,1.991,1.999,2.396,363.319,8,835
4,52,364.320,0,11.250,NaN,7.751,372.071,0,835
4,53,373.075,0,9.619,NaN,5.956,379.031,0,835
4,54,380.035,0,10.613,NaN,8.205,388.240,0,835
4,55,389.241,0,10.207,NaN,8.928,398.170,0,835
4,56,399.172,0,3.276,3.286,3.931,403.102,8,843
4,57,404.105,0,0.427,0.437,0.838,404.943,8,851
4,58,405.947,0,11.605,NaN,9.297,415.244,0,851
4,59,416.247,0,2.661,2.685,3.062,419.309,8,859
4,60,420.311,0,8.065,8.075,8.463,428.774,-1,858
4,61,429.777,0,4.819,4.829,5.346,435.123,-1,857
4,62,436.125,0,11.130,NaN,4.243,440.368,0,857
4,63,441.372,0,8.115,NaN,4.728,446.100,0,857
4,64,447.102,0,16.639,NaN,4.240,451.342,0,857
4,65,452.344,0,22.439,NaN,3.922,456.266,0,857
4,66,457.267,0,13.316,NaN,4.019,461.287,0,857
4,67,462.288,0,8.916,8.935,9.329,471.617,-1,856
4,68,472.620,0,5.494,5.507,5.914,478.533,8,864
4,69,479.535,0,5.048,5.061,5.526,485.062,8,872
4,70,486.064,0,7.040,7.053,7.126,493.190,8,880
4,71,494.194,0,9.836,NaN,7.262,501.456,0,880
4,72,502.457,0,8.833,NaN,7.393,509.850,0,880
4,73,510.853,0,17.209,NaN,8.013,518.866,0,880
4,74,519.869,0,2.660,2.678,3.082,522.951,8,888
4,75,523.955,0,11.672,NaN,8.334,532.289,0,888
4,76,533.292,0,25.709,NaN,6.732,540.024,0,888
4,77,541.027,0,1.084,1.096,1.537,542.564,8,896
4,78,543.566,0,21.466,NaN,7.961,551.527,0,896
4,79,552.531,0,6.630,NaN,5.924,558.455,0,896
4,80,559.459,0,1.515,1.524,1.950,561.408,8,904
4,81,562.410,0,12.477,NaN,7.661,570.071,0,904
4,82,571.074,0,12.576,NaN,7.985,579.059,0,904
4,83,580.061,0,2.385,2.415,2.875,582.936,8,912
4,84,583.939,0,1.229,1.238,1.572,585.512,8,920
4,85,586.515,0,4.180,4.198,4.563,591.078,8,928
4,86,592.079,0,4.181,4.204,4.596,596.675,8,936
