1,1,0.501,0,13.432,NaN,9.206,9.707,0,0
1,2,10.709,0,1.400,1.414,2.868,13.577,-1,-1
1,3,14.580,0,6.894,6.913,8.198,22.778,-1,-2
1,4,23.781,0,9.839,NaN,5.329,29.109,0,-2
1,5,30.113,0,20.371,NaN,5.554,35.667,0,-2
1,6,36.668,0,12.168,NaN,6.357,43.025,0,-2
1,7,44.029,0,3.686,3.694,4.098,48.127,8,6
1,8,49.129,0,0.553,0.561,1.567,50.696,-1,5
1,9,51.699,0,12.642,NaN,2.872,54.571,0,5
1,10,55.572,0,8.066,8.075,8.662,64.235,-1,4
1,11,65.237,0,5.199,NaN,1.022,66.259,0,4
1,12,67.262,0,1.519,1.537,2.112,69.374,-1,3
1,13,70.376,0,3.780,NaN,0.868,71.244,0,3
1,14,72.244,0,6.210,NaN,4.979,77.223,0,3
1,15,78.224,0,0.645,0.663,1.314,79.538,-1,2
1,16,80.542,0,3.148,3.165,3.659,84.201,-1,1
1,17,85.203,0,9.006,NaN,0.847,86.050,0,1
1,18,87.052,0,1.616,NaN,1.524,88.576,0,1
1,19,89.579,0,10.277,NaN,2.766,92.345,0,1
1,20,93.346,0,4.486,4.500,4.817,98.163,-1,0
1,21,99.166,0,9.954,NaN,1.215,100.381,0,0
1,22,101.386,0,8.525,NaN,5.516,106.902,0,0
1,23,107.906,0,2.319,NaN,1.794,109.700,0,0
1,24,110.702,0,1.731,1.752,2.386,113.088,-1,-1
1,25,114.091,0,1.585,NaN,0.714,114.805,0,-1
1,26,115.805,0,20.256,NaN,2.091,117.897,0,-1
1,27,118.901,0,0.889,0.906,1.391,120.291,-1,-2
1,28,121.294,0,2.481,NaN,1.519,122.813,0,-2
1,29,123.817,0,2.382,NaN,2.113,125.930,0,-2
1,30,126.932,0,7.151,NaN,0.982,127.914,0,-2
1,31,128.916,0,6.974,6.982,7.323,136.238,8,6
1,32,137.241,0,19.435,NaN,2.228,139.469,0,6
1,33,140.471,0,3.447,3.463,3.959,144.430,-1,5
1,34,145.434,0,18.749,NaN,0.969,146.403,0,5
1,35,147.404,0,2.990,NaN,1.771,149.175,0,5
1,36,150.178,0,16.821,NaN,1.395,151.573,0,5
1,37,152.577,0,6.063,6.082,6.610,159.186,-1,4
1,38,160.187,0,12.894,NaN,1.140,161.328,0,4
1,39,162.330,0,21.674,NaN,13.354,175.684,0,4
1,40,176.687,0,14.950,NaN,1.820,178.507,0,4
1,41,179.521,0,5.316,5.333,5.849,185.370,8,12
1,42,186.374,0,9.397,NaN,1.592,187.966,0,12
1,43,188.970,0,9.350,NaN,1.594,190.564,0,12
1,44,191.566,0,15.055,NaN,1.487,193.053,0,12
1,45,194.055,0,8.739,NaN,1.110,195.166,0,12
1,46,196.168,0,14.244,NaN,1.746,197.914,0,12
1,47,198.917,0,10.321,NaN,1.831,200.748,0,12
1,48,201.751,0,4.016,NaN,1.329,203.080,0,12
1,49,204.083,0,4.855,NaN,1.579,205.662,0,12
1,50,206.662,0,7.871,NaN,1.475,208.137,0,12
1,51,209.139,0,6.465,6.480,6.881,216.020,-1,11
1,52,217.024,0,7.812,NaN,3.515,220.539,0,11
1,53,221.542,0,7.999,NaN,3.368,224.910,0,11
1,54,225.912,0,12.825,NaN,2.839,228.752,0,11
1,55,229.754,0,3.933,3.940,4.348,234.102,-1,10
1,56,235.103,0,2.606,2.627,3.276,238.379,-1,9
1,57,239.380,0,5.081,NaN,1.810,241.191,0,9
1,58,242.191,0,13.981,NaN,3.733,245.924,0,9
1,59,246.927,0,11.668,NaN,2.429,249.356,0,9
1,60,250.358,0,2.201,2.211,2.787,253.146,-1,8
1,61,254.148,0,2.718,NaN,1.707,255.855,0,8
1,62,256.857,0,7.588,NaN,2.791,259.649,0,8
1,63,260.651,0,2.236,NaN,0.758,261.408,0,8
1,64,262.410,0,14.817,NaN,2.150,264.560,0,8
1,65,265.563,0,15.170,NaN,2.101,267.663,0,8
1,66,268.664,0,1.382,1.414,1.848,270.512,-1,7
1,67,271.515,0,2.800,NaN,0.937,272.453,0,7
1,68,273.455,0,3.345,NaN,1.776,275.231,0,7
1,69,276.233,0,7.955,NaN,1.959,278.191,0,7
1,70,279.194,0,16.485,NaN,1.918,281.111,0,7
1,71,282.116,0,8.628,NaN,2.270,284.386,0,7
1,72,285.387,0,5.244,5.267,5.693,291.081,-1,6
1,73,292.084,0,3.433,NaN,2.560,294.644,0,6
1,74,295.647,0,1.784,1.793,2.398,298.046,-1,5
1,75,299.048,0,6.053,NaN,4.514,303.562,0,5
1,76,304.565,0,1.806,1.814,2.295,306.859,-1,4
1,77,307.863,0,9.190,NaN,0.943,308.806,0,4
1,78,309.809,0,0.441,0.455,0.529,310.338,-1,3
1,79,311.340,0,23.584,NaN,0.573,311.913,0,3
1,80,312.915,0,18.081,NaN,0.861,313.776,0,3
1,81,314.778,0,4.983,NaN,1.478,316.256,0,3
1,82,317.257,0,10.903,NaN,6.869,324.126,0,3
1,83,325.129,0,3.807,NaN,1.552,326.681,0,3
1,84,327.682,0,6.009,6.026,6.554,334.236,-1,2
1,85,335.239,0,8.871,NaN,3.890,339.129,0,2
1,86,340.132,0,1.992,NaN,1.799,341.931,0,2
1,87,342.933,0,11.194,NaN,3.975,346.908,0,2
1,88,347.911,0,13.156,NaN,3.725,351.636,0,2
1,89,352.640,0,11.307,NaN,3.164,355.804,0,2
1,90,356.805,0,6.282,NaN,3.229,360.034,0,2
1,91,361.036,0,4.777,NaN,4.246,365.282,0,2
1,92,366.283,0,13.056,NaN,4.231,370.514,0,2
1,93,371.516,0,7.738,NaN,2.541,374.057,0,2
1,94,375.059,0,2.349,2.370,2.900,377.959,-1,1
1,95,378.961,0,4.869,NaN,0.870,379.831,0,1
1,96,380.834,0,17.368,NaN,0.440,381.273,0,1
1,97,382.275,0,12.745,NaN,1.241,383.516,0,1
1,98,384.517,0,12.325,NaN,2.018,386.534,0,1
1,99,387.536,0,12.886,NaN,2.541,390.077,0,1
1,100,391.078,0,4.521,NaN,3.211,394.290,0,1
1,101,395.293,0,10.718,NaN,1.994,397.287,0,1
1,102,398.289,0,26.003,NaN,3.240,401.529,0,1
1,103,402.532,0,3.392,NaN,2.728,405.260,0,1
1,104,406.263,0,3.035,3.047,3.737,410.000,-1,0
1,105,411.013,0,12.581,NaN,0.556,411.569,0,0
1,106,412.571,0,13.470,NaN,0.351,412.923,0,0
1,107,413.925,0,1.429,NaN,0.357,414.283,0,0
1,108,415.284,0,1.459,1.480,2.148,417.432,-1,-1
1,109,418.435,0,10.262,NaN,0.321,418.756,0,-1
1,110,419.758,0,2.057,NaN,1.229,420.987,0,-1
1,111,421.990,0,1.567,1.577,1.993,423.983,-1,-2
1,112,424.984,0,11.612,NaN,1.084,426.068,0,-2
1,113,427.072,0,2.791,2.799,3.224,430.296,-1,-3
1,114,431.298,0,7.220,NaN,5.200,436.498,0,-3
1,115,437.501,0,12.462,NaN,3.446,440.947,0,-3
1,116,441.950,0,4.313,4.328,4.653,446.603,-1,-4
1,117,447.606,0,7.319,NaN,4.361,451.966,0,-4
1,118,452.969,0,7.593,NaN,4.846,457.815,0,-4
1,119,458.818,0,17.364,NaN,5.140,463.958,0,-4
1,120,464.962,0,2.784,2.793,3.351,468.312,-1,-5
1,121,469.313,0,15.268,NaN,4.372,473.685,0,-5
1,122,474.688,0,10.271,NaN,2.225,476.913,0,-5
1,123,477.915,0,9.714,NaN,2.987,480.902,0,-5
1,124,481.904,0,10.132,NaN,4.322,486.226,0,-5
1,125,487.227,0,1.364,1.387,1.889,489.116,-1,-6
1,126,490.119,0,4.951,NaN,0.729,490.848,0,-6
1,127,491.851,0,4.788,NaN,0.391,492.242,0,-6
1,128,493.245,0,22.210,NaN,1.117,494.362,0,-6
1,129,495.365,0,13.509,NaN,1.177,496.542,0,-6
1,130,497.545,0,7.339,NaN,2.493,500.037,0,-6
1,131,501.039,0,8.514,NaN,1.578,502.617,0,-6
1,132,503.619,0,5.706,NaN,3.839,507.458,0,-6
1,133,508.460,0,7.922,NaN,5.304,513.764,0,-6
1,134,514.766,0,11.570,NaN,1.569,516.336,0,-6
1,135,517.337,0,2.935,NaN,0.450,517.787,0,-6
1,136,518.789,0,5.286,NaN,0.919,519.708,0,-6
1,137,520.710,0,3.130,NaN,1.178,521.888,0,-6
1,138,522.890,0,6.290,NaN,1.721,524.611,0,-6
1,139,525.613,0,1.199,1.220,1.404,527.018,-1,-7
1,140,528.021,0,4.005,NaN,1.147,529.169,0,-7
1,141,530.170,0,7.050,NaN,3.602,533.773,0,-7
1,142,534.775,0,4.391,NaN,3.188,537.964,0,-7
1,143,538.965,0,4.856,NaN,1.323,540.288,0,-7
1,144,541.290,0,7.861,NaN,1.268,542.558,0,-7
1,145,543.559,0,8.860,NaN,2.863,546.422,0,-7
1,146,547.424,0,15.949,NaN,2.213,549.637,0,-7
1,147,550.640,0,4.243,NaN,0.423,551.063,0,-7
1,148,552.067,0,1.086,1.096,1.247,553.314,-1,-8
1,149,554.316,0,1.623,NaN,1.074,555.390,0,-8
1,150,556.391,0,11.446,NaN,1.911,558.302,0,-8
1,151,559.304,0,10.226,NaN,2.263,561.567,0,-8
1,152,562.569,0,7.029,NaN,3.403,565.972,0,-8
1,153,566.976,0,2.574,2.594,2.871,569.847,8,0
1,154,570.849,0,6.396,NaN,1.315,572.164,0,0
1,155,573.167,0,10.876,NaN,0.287,573.454,0,0
1,156,574.458,0,3.565,NaN,0.213,574.671,0,0
1,157,575.673,0,9.739,NaN,0.251,575.924,0,0
1,158,576.927,0,1.209,NaN,0.233,577.159,0,0
1,159,578.162,0,8.216,NaN,0.812,578.974,0,0
1,160,579.976,0,4.079,NaN,0.796,580.772,0,0
1,161,581.775,0,12.962,NaN,0.673,582.449,0,0
1,162,583.450,0,11.680,NaN,0.209,583.659,0,0
1,163,584.660,0,17.516,NaN,0.093,584.752,0,0
1,164,585.753,0,17.292,NaN,0.213,585.966,0,0
1,165,586.969,0,6.494,NaN,0.214,587.183,0,0
1,166,588.187,0,12.925,NaN,0.229,588.415,0,0
1,167,589.419,0,0.830,NaN,0.208,589.627,0,0
1,168,590.631,0,18.021,NaN,0.216,590.847,0,0
1,169,591.848,0,2.508,NaN,0.194,592.042,0,0
1,170,593.043,0,2.111,NaN,0.118,593.160,0,0
1,171,594.163,0,1.724,NaN,0.120,594.283,0,0
1,172,595.285,0,2.566,NaN,0.158,595.443,0,0
1,173,596.447,0,8.898,NaN,0.086,596.533,0,0
1,174,597.534,0,4.777,NaN,0.034,597.568,0,0
1,175,598.570,0,21.427,NaN,0.015,598.585,0,0
1,176,599.589,1,9.029,NaN,0.013,599.602,0,0
2,1,0.500,0,16.695,NaN,4.335,4.835,0,0
2,2,5.839,0,16.453,NaN,4.069,9.908,0,0
2,3,10.910,0,5.268,5.280,5.838,16.749,8,8
2,4,17.750,0,1.921,1.942,2.303,20.053,8,16
2,5,21.056,0,1.122,1.137,1.522,22.578,8,24
2,6,23.580,0,16.752,NaN,3.365,26.945,0,24
2,7,27.948,0,2.516,NaN,2.294,30.242,0,24
2,8,31.243,0,11.837,NaN,5.076,36.319,0,24
2,9,37.321,1,5.978,NaN,4.266,41.587,0,24
2,10,42.589,0,7.369,NaN,4.517,47.106,0,24
2,11,48.109,0,1.738,1.747,2.217,50.326,8,32
2,12,51.330,0,8.810,NaN,5.724,57.054,0,32
2,13,58.057,0,14.147,NaN,0.728,58.785,0,32
2,14,59.787,0,8.408,NaN,0.983,60.770,0,32
2,15,61.771,0,8.597,NaN,1.179,62.950,0,32
2,16,63.952,0,3.797,NaN,0.977,64.929,0,32
2,17,65.931,0,2.660,NaN,0.783,66.714,0,32
2,18,67.715,0,4.161,NaN,0.768,68.483,0,32
2,19,69.484,0,15.074,NaN,1.322,70.806,0,32
2,20,71.809,0,12.512,NaN,0.785,72.594,0,32
2,21,73.595,0,9.294,NaN,4.946,78.541,0,32
2,22,79.543,0,1.303,NaN,0.515,80.058,0,32
2,23,81.061,0,12.113,NaN,0.394,81.456,0,32
2,24,82.458,0,10.430,NaN,1.496,83.954,0,32
2,25,84.957,0,11.549,NaN,2.548,87.505,0,32
2,26,88.527,0,2.047,2.065,2.393,90.920,8,40
2,27,91.923,0,3.695,3.705,4.106,96.029,8,48
2,28,97.030,0,8.022,NaN,4.401,101.432,0,48
2,29,102.435,0,3.626,3.648,4.023,106.457,8,56
2,30,107.459,0,6.316,NaN,5.562,113.021,0,56
2,31,114.025,0,4.355,4.364,4.720,118.744,8,64
2,32,119.747,0,3.743,3.761,4.178,123.925,8,72
2,33,124.927,0,3.322,3.333,4.060,128.987,8,80
2,34,129.990,0,2.003,2.039,2.433,132.423,8,88
2,35,133.427,0,26.588,NaN,6.900,140.327,0,88
2,36,141.328,0,9.892,NaN,4.914,146.242,0,88
2,37,147.244,0,9.885,NaN,9.288,156.533,0,88
2,38,157.535,0,15.257,NaN,7.119,164.654,0,88
2,39,165.656,0,8.278,NaN,5.232,170.888,0,88
2,40,171.891,0,7.289,NaN,4.158,176.049,0,88
2,41,177.052,0,13.877,NaN,3.527,180.579,0,88
2,42,181.583,0,4.523,NaN,2.663,184.246,0,88
2,43,185.249,0,15.814,NaN,4.515,189.764,0,88
2,44,190.767,0,1.250,1.257,1.820,192.586,8,96
2,45,193.589,0,11.250,NaN,6.023,199.612,0,96
2,46,200.614,0,0.976,0.997,1.387,202.001,8,104
2,47,203.013,0,6.748,NaN,5.126,208.140,0,104
2,48,209.142,0,6.192,6.209,6.527,215.669,8,112
2,49,216.672,0,11.183,NaN,7.247,223.919,0,112
2,50,224.921,0,2.189,2.203,3.219,228.140,8,120
2,51,229.143,0,9.964,NaN,6.531,235.674,0,120
2,52,236.676,0,7.137,NaN,6.458,243.134,0,120
2,53,244.136,0,1.944,1.963,2.398,246.534,8,128
2,54,247.536,0,1.541,1.565,1.971,249.506,8,136
2,55,250.521,0,2.587,2.598,2.978,253.499,8,144
2,56,254.500,0,14.553,NaN,6.662,261.162,0,144
2,57,262.167,0,12.021,NaN,4.970,267.136,0,144
2,58,268.140,0,18.598,NaN,7.676,275.815,0,144
2,59,276.818,0,8.022,NaN,7.294,284.112,0,144
2,60,285.116,0,15.759,NaN,9.206,294.323,0,144
2,61,295.325,0,2.737,2.749,3.267,298.592,8,152
2,62,299.595,0,10.695,NaN,7.377,306.973,0,152
2,63,307.977,0,5.289,5.304,6.023,313.999,8,160
2,64,315.017,0,9.171,NaN,4.536,319.553,0,160
2,65,320.555,0,1.893,1.914,2.355,322.910,8,168
2,66,323.912,0,4.840,4.860,5.328,329.240,8,176
2,67,330.243,0,12.664,NaN,5.817,336.060,0,176
2,68,337.063,0,1.876,1.913,2.432,339.495,8,184
2,69,340.497,0,1.717,1.732,2.223,342.720,8,192
2,70,343.722,0,5.219,5.226,5.609,349.332,8,200
2,71,350.334,0,14.099,NaN,5.722,356.056,0,200
2,72,357.059,0,1.658,1.677,2.111,359.170,8,208
2,73,360.173,0,6.786,6.801,7.237,367.409,8,216
2,74,368.411,0,3.683,3.698,4.393,372.804,8,224
2,75,373.805,0,11.314,NaN,4.093,377.898,0,224
2,76,378.902,0,2.201,2.211,2.856,381.758,8,232
2,77,382.760,0,3.131,3.156,3.524,386.284,8,240
2,78,387.285,0,11.544,NaN,9.282,396.567,0,240
2,79,397.569,0,18.854,NaN,9.641,407.210,0,240
2,80,408.212,0,10.055,10.069,10.480,418.692,-1,239
2,81,419.693,0,2.386,2.407,2.940,422.633,8,247
2,82,423.637,0,4.295,4.315,5.037,428.673,-1,246
2,83,429.676,0,6.732,NaN,1.050,430.726,0,246
2,84,431.728,0,14.372,NaN,1.186,432.914,0,246
2,85,433.916,0,11.380,NaN,1.323,435.239,0,246
2,86,436.241,0,12.258,NaN,5.404,441.645,0,246
2,87,442.648,0,6.273,NaN,1.432,444.079,0,246
2,88,445.081,0,1.360,1.379,2.018,447.099,8,254
2,89,448.103,0,8.804,NaN,7.119,455.223,0,254
2,90,456.227,0,4.496,NaN,3.732,459.959,0,254
2,91,460.961,0,2.691,2.709,3.347,464.308,8,262
2,92,465.309,0,16.959,NaN,4.544,469.853,0,262
2,93,470.855,0,6.043,NaN,5.223,476.077,0,262
2,94,477.081,0,1.871,NaN,1.416,478.497,0,262
2,95,479.501,0,14.806,NaN,8.288,487.789,0,262
2,96,488.792,0,9.296,NaN,8.014,496.806,0,262
2,97,497.806,0,4.021,NaN,1.612,499.418,0,262
2,98,500.421,0,8.556,NaN,1.331,501.752,0,262
2,99,502.754,0,16.254,NaN,0.874,503.627,0,262
2,100,504.630,0,14.489,NaN,2.588,507.218,0,262
2,101,508.220,0,3.792,3.822,4.530,512.750,8,270
2,102,513.753,0,4.018,4.025,4.893,518.646,-1,269
2,103,519.648,0,2.834,2.849,4.302,523.950,8,277
2,104,524.951,0,1.380,1.414,3.093,528.044,8,285
2,105,529.047,0,2.193,2.204,2.663,531.710,8,293
2,106,532.714,0,13.472,NaN,6.892,539.606,0,293
2,107,540.608,0,20.320,NaN,6.557,547.165,0,293
2,108,548.168,0,5.322,5.344,5.793,553.961,8,301
2,109,554.963,0,16.896,NaN,2.769,557.732,0,301
2,110,558.736,0,28.497,NaN,6.930,565.666,0,301
2,111,566.669,0,0.422,0.433,1.067,567.735,8,309
2,112,568.738,0,6.977,NaN,3.187,571.924,0,309
2,113,572.925,0,13.445,NaN,2.704,575.629,0,309
2,114,576.630,0,8.223,NaN,4.994,581.624,0,309
2,115,582.628,0,7.055,NaN,6.018,588.646,0,309
2,116,589.650,0,15.255,NaN,2.899,592.548,0,309
2,117,593.551,0,7.244,NaN,5.467,599.018,0,309
3,1,0.501,0,1.409,1.417,2.769,3.269,-1,308
3,2,4.271,0,16.463,NaN,4.814,9.085,0,308
3,3,10.088,0,16.424,NaN,5.327,15.415,0,308
3,4,16.419,0,9.060,NaN,7.938,24.357,0,308
3,5,25.359,0,12.430,NaN,5.725,31.084,0,308
3,6,32.086,0,1.035,1.047,1.831,33.917,-1,307
3,7,34.920,0,1.581,NaN,1.265,36.185,0,307
3,8,37.188,0,5.672,5.683,6.321,43.509,-1,306
3,9,44.523,0,1.400,NaN,1.019,45.543,0,306
3,10,46.547,0,3.575,NaN,1.239,47.785,0,306
3,11,48.787,0,4.463,NaN,3.494,52.281,0,306
3,12,53.282,0,13.332,NaN,5.336,58.619,0,306
3,13,59.622,0,10.968,NaN,5.680,65.302,0,306
3,14,66.304,0,3.212,3.229,4.082,70.386,-1,305
3,15,71.389,0,1.670,NaN,0.647,72.035,0,305
3,16,73.039,0,9.072,NaN,1.658,74.696,0,305
3,17,75.699,0,3.783,NaN,0.825,76.524,0,305
3,18,77.525,0,21.300,NaN,2.687,80.212,0,305
3,19,81.216,0,1.936,1.956,2.501,83.717,-1,304
3,20,84.719,0,3.558,NaN,1.054,85.774,0,304
3,21,86.776,0,7.780,NaN,0.354,87.129,0,304
3,22,88.131,0,6.479,NaN,0.412,88.544,0,304
3,23,89.546,0,9.899,NaN,0.434,89.980,0,304
3,24,90.981,0,14.169,NaN,0.263,91.244,0,304
3,25,92.246,0,3.273,NaN,0.382,92.628,0,304
3,26,93.631,0,2.647,NaN,1.047,94.677,0,304
3,27,95.680,0,6.890,NaN,1.569,97.249,0,304
3,28,98.251,0,5.090,NaN,2.848,101.099,0,304
3,29,102.102,0,7.332,NaN,0.834,102.936,0,304
3,30,103.936,0,8.272,NaN,1.515,105.451,0,304
3,31,106.454,0,23.162,NaN,0.902,107.356,0,304
3,32,108.358,0,5.056,NaN,1.912,110.271,0,304
3,33,111.272,0,3.106,NaN,2.995,114.267,0,304
3,34,115.268,0,24.107,NaN,0.858,116.126,0,304
3,35,117.128,0,8.589,NaN,1.086,118.214,0,304
3,36,119.215,0,18.796,NaN,0.781,119.996,0,304
3,37,120.996,0,0.773,NaN,0.646,121.642,0,304
3,38,122.647,0,12.635,NaN,0.029,122.676,0,304
3,39,123.677,0,13.858,NaN,1.913,125.590,0,304
3,40,126.594,0,5.803,5.819,6.157,132.750,-1,303
3,41,133.753,0,6.196,NaN,1.074,134.827,0,303
3,42,135.830,0,17.554,NaN,1.730,137.560,0,303
3,43,138.562,0,7.494,NaN,1.889,140.451,0,303
3,44,141.455,0,1.719,1.730,1.932,143.387,-1,302
3,45,144.390,0,7.403,NaN,0.647,145.037,0,302
3,46,146.038,0,3.346,NaN,0.272,146.311,0,302
3,47,147.313,0,12.455,NaN,0.258,147.571,0,302
3,48,148.574,0,6.885,NaN,0.228,148.802,0,302
3,49,149.806,0,12.981,NaN,0.303,150.109,0,302
3,50,151.113,0,2.113,NaN,0.576,151.689,0,302
3,51,152.691,0,5.450,NaN,0.428,153.120,0,302
3,52,154.121,0,13.706,NaN,0.336,154.457,0,302
3,53,155.458,0,19.085,NaN,0.746,156.204,0,302
3,54,157.208,0,12.612,NaN,1.151,158.360,0,302
3,55,159.360,0,3.357,NaN,0.727,160.086,0,302
3,56,161.088,0,11.102,NaN,1.157,162.245,0,302
3,57,163.249,0,9.123,NaN,2.846,166.095,0,302
3,58,167.097,0,20.984,NaN,0.734,167.830,0,302
3,59,168.831,0,4.016,NaN,0.587,169.418,0,302
3,60,170.421,0,1.912,NaN,0.532,170.953,0,302
3,61,171.956,0,3.309,NaN,0.603,172.559,0,302
3,62,173.561,0,8.490,NaN,0.736,174.297,0,302
3,63,175.297,0,7.567,NaN,0.372,175.670,0,302
3,64,176.672,0,10.389,NaN,0.403,177.075,0,302
3,65,178.078,0,0.972,NaN,0.330,178.409,0,302
3,66,179.412,0,10.658,NaN,0.121,179.533,0,302
3,67,180.536,0,11.786,NaN,0.459,180.995,0,302
3,68,181.997,0,2.710,NaN,0.445,182.442,0,302
3,69,183.444,0,1.738,NaN,0.206,183.650,0,302
3,70,184.652,0,4.790,NaN,0.566,185.218,0,302
3,71,186.221,0,19.852,NaN,0.803,187.023,0,302
3,72,188.027,0,3.037,NaN,0.501,188.528,0,302
3,73,189.533,0,13.792,NaN,0.695,190.228,0,302
3,74,191.229,0,6.115,NaN,0.516,191.745,0,302
3,75,192.749,0,18.459,NaN,0.919,193.667,0,302
3,76,194.670,0,5.721,NaN,2.760,197.430,0,302
3,77,198.431,0,7.593,NaN,4.135,202.566,0,302
3,78,203.568,0,5.066,NaN,3.060,206.629,0,302
3,79,207.633,0,12.673,NaN,0.301,207.934,0,302
3,80,208.936,0,9.128,NaN,1.541,210.476,0,302
3,81,211.476,0,22.398,NaN,2.226,213.702,0,302
3,82,214.705,0,5.226,NaN,2.345,217.050,0,302
3,83,218.053,0,12.026,NaN,0.769,218.822,0,302
3,84,219.824,0,2.219,NaN,1.297,221.121,0,302
3,85,222.123,0,3.520,NaN,0.539,222.662,0,302
3,86,223.665,0,5.272,NaN,2.467,226.131,0,302
3,87,227.133,0,2.291,NaN,1.589,228.722,0,302
3,88,229.724,0,8.481,NaN,1.554,231.278,0,302
3,89,232.279,0,10.282,NaN,1.947,234.226,0,302
3,90,235.228,0,2.551,NaN,1.050,236.278,0,302
3,91,237.280,0,2.587,NaN,1.385,238.664,0,302
3,92,239.668,0,9.061,NaN,0.147,239.815,0,302
3,93,240.817,0,1.287,1.298,1.910,242.726,-1,301
3,94,243.731,0,13.887,NaN,0.039,243.770,0,301
3,95,244.773,0,5.086,NaN,0.267,245.040,0,301
3,96,246.042,0,7.634,NaN,0.296,246.338,0,301
3,97,247.340,0,6.981,NaN,0.208,247.548,0,301
3,98,248.552,0,13.547,NaN,0.107,248.659,0,301
3,99,249.662,0,17.545,NaN,0.267,249.929,0,301
3,100,250.931,0,1.840,NaN,0.523,251.454,0,301
3,101,252.456,0,14.592,NaN,0.765,253.221,0,301
3,102,254.224,0,1.644,NaN,0.362,254.586,0,301
3,103,255.590,0,15.486,NaN,0.272,255.862,0,301
3,104,256.865,0,12.424,NaN,0.326,257.191,0,301
3,105,258.194,0,1.199,NaN,0.263,258.457,0,301
3,106,259.459,0,2.220,NaN,0.198,259.656,0,301
3,107,260.659,0,17.797,NaN,0.231,260.891,0,301
3,108,261.891,0,8.570,NaN,0.226,262.117,0,301
3,109,263.121,0,10.518,NaN,0.193,263.313,0,301
3,110,264.315,0,8.040,NaN,0.218,264.533,0,301
3,111,265.535,0,13.010,NaN,0.275,265.810,0,301
3,112,266.813,0,12.577,NaN,0.608,267.420,0,301
3,113,268.424,0,6.106,NaN,0.372,268.795,0,301
3,114,269.797,0,0.848,NaN,0.399,270.196,0,301
3,115,271.198,0,1.512,NaN,0.326,271.524,0,301
3,116,272.528,0,7.691,NaN,0.270,272.797,0,301
3,117,273.801,0,26.768,NaN,0.363,274.165,0,301
3,118,275.166,0,23.204,NaN,0.246,275.412,0,301
3,119,276.415,0,7.385,NaN,0.331,276.746,0,301
3,120,277.749,0,7.099,NaN,0.224,277.973,0,301
3,121,278.975,0,3.451,NaN,0.749,279.725,0,301
3,122,280.727,0,0.621,NaN,0.141,280.868,0,301
3,123,281.869,0,3.542,NaN,0.160,282.028,0,301
3,124,283.031,0,2.051,NaN,0.244,283.275,0,301
3,125,284.278,0,7.637,NaN,0.275,284.553,0,301
3,126,285.554,0,11.016,NaN,0.419,285.973,0,301
3,127,286.977,0,9.266,NaN,0.950,287.927,0,301
3,128,288.931,0,8.267,NaN,0.274,289.205,0,301
3,129,290.207,0,7.492,NaN,0.353,290.560,0,301
3,130,291.564,0,14.005,NaN,0.371,291.935,0,301
3,131,292.936,0,11.381,NaN,0.038,292.973,0,301
3,132,293.977,0,2.785,NaN,0.050,294.027,0,301
3,133,295.030,0,10.540,NaN,0.662,295.691,0,301
3,134,296.694,0,3.863,NaN,0.398,297.092,0,301
3,135,298.096,0,9.879,NaN,0.340,298.436,0,301
3,136,299.438,0,2.173,NaN,0.311,299.749,0,301
3,137,300.752,1,3.298,NaN,0.008,300.760,0,301
3,138,301.763,0,12.589,NaN,0.211,301.974,0,301
3,139,302.978,0,2.136,NaN,0.094,303.072,0,301
3,140,304.074,0,5.398,NaN,0.219,304.293,0,301
3,141,305.295,0,2.427,NaN,0.297,305.592,0,301
3,142,306.593,0,15.604,NaN,0.424,307.017,0,301
3,143,308.020,0,1.972,NaN,0.125,308.146,0,301
3,144,309.146,0,3.514,NaN,0.217,309.363,0,301
3,145,310.365,0,5.094,NaN,0.223,310.589,0,301
3,146,311.592,0,15.188,NaN,0.352,311.944,0,301
3,147,312.946,0,15.348,NaN,0.400,313.346,0,301
3,148,314.348,0,4.387,NaN,0.269,314.617,0,301
3,149,315.619,0,1.741,NaN,0.265,315.884,0,301
3,150,316.887,0,2.307,NaN,0.233,317.120,0,301
3,151,318.124,0,11.794,NaN,0.347,318.470,0,301
3,152,319.472,0,16.603,NaN,0.309,319.780,0,301
3,153,320.781,0,1.545,NaN,0.197,320.979,0,301
3,154,321.980,0,11.368,NaN,0.339,322.320,0,301
3,155,323.324,0,9.731,NaN,0.198,323.522,0,301
3,156,324.526,0,6.585,NaN,0.217,324.743,0,301
3,157,325.745,0,10.316,NaN,0.107,325.852,0,301
3,158,326.855,0,18.702,NaN,0.284,327.140,0,301
3,159,328.141,0,14.050,NaN,0.244,328.385,0,301
3,160,329.387,0,5.934,NaN,0.387,329.774,0,301
3,161,330.777,0,1.336,NaN,0.152,330.929,0,301
3,162,331.932,0,1.066,NaN,0.334,332.267,0,301
3,163,333.270,0,5.386,NaN,0.286,333.556,0,301
3,164,334.556,0,9.632,NaN,0.302,334.858,0,301
3,165,335.861,0,10.750,NaN,0.224,336.085,0,301
3,166,337.088,0,13.009,NaN,0.213,337.301,0,301
3,167,338.303,0,5.094,NaN,0.145,338.448,0,301
3,168,339.452,0,9.056,NaN,0.299,339.751,0,301
3,169,340.755,0,0.415,NaN,0.179,340.934,0,301
3,170,341.936,0,17.891,NaN,0.462,342.398,0,301
3,171,343.401,0,8.968,NaN,0.323,343.725,0,301
3,172,344.728,0,5.168,NaN,0.270,344.998,0,301
3,173,346.000,0,2.383,NaN,0.093,346.094,0,301
3,174,347.096,1,0.937,NaN,0.019,347.116,0,301
3,175,348.118,0,10.157,NaN,0.015,348.133,0,301
3,176,349.135,1,10.224,NaN,0.635,349.769,0,301
3,177,350.772,0,6.999,NaN,0.345,351.117,0,301
3,178,352.121,0,3.694,NaN,0.076,352.198,0,301
3,179,353.200,1,13.963,NaN,0.019,353.219,0,301
3,180,354.222,0,1.821,NaN,0.124,354.347,0,301
3,181,355.350,1,3.680,NaN,0.020,355.370,0,301
3,182,356.372,1,6.834,NaN,0.015,356.387,0,301
3,183,357.388,1,21.558,NaN,0.633,358.021,0,301
3,184,359.025,0,6.967,NaN,0.229,359.254,0,301
3,185,360.255,0,24.638,NaN,0.134,360.389,0,301
3,186,361.392,0,6.906,NaN,0.157,361.549,0,301
3,187,362.551,0,14.424,NaN,0.272,362.823,0,301
3,188,363.826,0,4.797,NaN,0.264,364.090,0,301
3,189,365.092,0,9.300,NaN,0.049,365.141,0,301
3,190,366.142,0,1.826,NaN,0.343,366.485,0,301
3,191,367.489,0,2.073,NaN,0.089,367.579,0,301
3,192,368.582,1,10.648,NaN,0.011,368.593,0,301
3,193,369.596,0,6.705,NaN,0.489,370.085,0,301
3,194,371.088,0,11.572,NaN,0.039,371.127,0,301
3,195,372.128,0,9.417,NaN,0.247,372.375,0,301
3,196,373.377,1,5.015,NaN,0.017,373.395,0,301
3,197,374.398,1,14.981,NaN,0.351,374.749,0,301
3,198,375.750,1,19.323,NaN,0.185,375.935,0,301
3,199,376.936,0,7.182,NaN,0.271,377.208,0,301
3,200,378.210,0,5.836,NaN,0.478,378.687,0,301
3,201,379.689,1,8.038,NaN,0.009,379.698,0,301
3,202,380.701,0,23.611,NaN,0.539,381.239,0,301
3,203,382.243,1,3.387,NaN,0.023,382.266,0,301
3,204,383.269,1,7.564,NaN,0.575,383.844,0,301
3,205,384.845,1,8.957,NaN,0.022,384.867,0,301
3,206,385.869,1,22.893,NaN,0.015,385.884,0,301
3,207,386.885,1,13.343,NaN,0.677,387.562,0,301
3,208,388.566,1,10.850,NaN,0.622,389.188,0,301
3,209,390.190,0,10.126,NaN,0.013,390.203,0,301
3,210,391.206,1,9.681,NaN,0.596,391.802,0,301
3,211,392.805,1,4.448,NaN,0.516,393.321,0,301
3,212,394.324,1,11.974,NaN,0.432,394.756,0,301
3,213,395.757,1,3.850,NaN,0.564,396.320,0,301
3,214,397.323,1,2.681,NaN,0.437,397.760,0,301
3,215,398.763,1,12.529,NaN,0.474,399.237,0,301
3,216,400.240,1,1.840,NaN,0.565,400.806,0,301
3,217,401.808,1,11.089,NaN,0.017,401.825,0,301
3,218,402.828,1,15.322,NaN,0.295,403.123,0,301
3,219,404.124,1,1.365,NaN,0.392,404.516,0,301
3,220,405.527,1,3.862,NaN,0.441,405.968,0,301
3,221,406.970,0,9.795,NaN,0.301,407.271,0,301
3,222,408.274,1,2.163,NaN,0.401,408.675,0,301
3,223,409.678,1,2.490,NaN,0.017,409.695,0,301
3,224,410.698,1,16.246,NaN,0.321,411.019,0,301
3,225,412.023,0,2.208,NaN,0.101,412.124,0,301
3,226,413.126,1,3.803,NaN,0.021,413.147,0,301
3,227,414.149,0,6.415,NaN,0.471,414.620,0,301
3,228,415.623,0,3.128,NaN,0.081,415.704,0,301
3,229,416.705,0,11.300,NaN,0.161,416.866,0,301
3,230,417.868,0,12.144,NaN,0.109,417.978,0,301
3,231,418.981,0,13.101,NaN,0.018,419.000,0,301
3,232,420.001,0,11.229,NaN,0.120,420.121,0,301
3,233,421.125,0,5.428,NaN,0.263,421.387,0,301
3,234,422.390,0,4.565,NaN,0.584,422.974,0,301
3,235,423.976,0,3.428,NaN,0.646,424.623,0,301
3,236,425.625,0,1.039,NaN,0.436,426.061,0,301
3,237,427.062,1,18.655,NaN,0.008,427.070,0,301
3,238,428.074,0,10.841,NaN,0.146,428.221,0,301
3,239,429.224,0,6.630,NaN,0.031,429.255,0,301
3,240,430.256,1,16.655,NaN,0.421,430.677,0,301
3,241,431.678,0,1.538,NaN,0.174,431.852,0,301
3,242,432.856,1,7.221,NaN,0.017,432.873,0,301
3,243,433.876,1,12.370,NaN,0.320,434.196,0,301
3,244,435.200,1,2.109,NaN,0.299,435.499,0,301
3,245,436.501,1,7.104,NaN,0.279,436.780,0,301
3,246,437.784,1,11.402,NaN,0.008,437.792,0,301
3,247,438.795,0,7.161,NaN,0.241,439.036,0,301
3,248,440.039,1,8.424,NaN,0.291,440.329,0,301
3,249,441.332,0,2.592,NaN,0.164,441.496,0,301
3,250,442.499,1,1.275,NaN,0.216,442.715,0,301
3,251,443.716,0,14.734,NaN,0.306,444.022,0,301
3,252,445.022,1,16.655,NaN,0.390,445.412,0,301
3,253,446.416,1,8.980,NaN,0.687,447.102,0,301
3,254,448.105,1,1.475,NaN,0.009,448.114,0,301
3,255,449.116,1,7.601,NaN,0.336,449.452,0,301
3,256,450.454,1,0.211,0.226,0.268,450.722,-1,300
3,257,451.724,1,1.586,NaN,0.309,452.033,0,300
3,258,453.036,1,9.595,NaN,0.238,453.273,0,300
3,259,454.275,1,11.695,NaN,0.294,454.570,0,300
3,260,455.573,1,2.652,NaN,0.203,455.775,0,300
3,261,456.780,1,2.995,NaN,0.021,456.801,0,300
3,262,457.804,1,14.278,NaN,0.148,457.952,0,300
3,263,458.955,1,11.647,NaN,0.213,459.167,0,300
3,264,460.171,1,16.293,NaN,0.227,460.398,0,300
3,265,461.401,1,8.346,NaN,0.306,461.707,0,300
3,266,462.709,1,4.752,NaN,0.196,462.905,0,300
3,267,463.909,1,11.469,NaN,0.209,464.118,0,300
3,268,465.121,1,3.897,NaN,0.018,465.138,0,300
3,269,466.142,1,3.028,NaN,0.060,466.202,0,300
3,270,467.204,1,9.788,NaN,0.275,467.479,0,300
3,271,468.481,1,10.308,NaN,0.048,468.529,0,300
3,272,469.532,1,15.780,NaN,0.025,469.557,0,300
3,273,470.560,1,7.037,NaN,0.182,470.742,0,300
3,274,471.745,1,7.235,NaN,0.030,471.775,0,300
3,275,472.778,1,10.071,NaN,0.223,473.001,0,300
3,276,474.009,1,1.531,NaN,0.133,474.143,0,300
3,277,475.145,1,13.076,NaN,0.163,475.308,0,300
3,278,476.309,1,7.212,NaN,0.018,476.327,0,300
3,279,477.331,1,14.704,NaN,0.013,477.344,0,300
3,280,478.347,1,1.022,NaN,0.164,478.511,0,300
3,281,479.512,1,15.708,NaN,0.542,480.054,0,300
3,282,481.056,0,3.535,NaN,0.177,481.233,0,300
3,283,482.235,0,4.215,NaN,0.248,482.483,0,300
3,284,483.485,0,1.287,NaN,1.027,484.512,0,300
3,285,485.516,0,1.922,NaN,0.309,485.826,0,300
3,286,486.830,0,3.125,NaN,0.331,487.160,0,300
3,287,488.163,0,25.861,NaN,1.089,489.251,0,300
3,288,490.254,0,13.336,NaN,0.263,490.517,0,300
3,289,491.519,0,8.725,NaN,0.227,491.746,0,300
3,290,492.747,0,5.283,NaN,0.213,492.960,0,300
3,291,493.961,0,14.986,NaN,0.217,494.178,0,300
3,292,495.181,1,3.267,NaN,0.411,495.592,0,300
3,293,496.593,0,5.865,NaN,0.365,496.958,0,300
3,294,497.961,0,2.632,NaN,0.242,498.204,0,300
3,295,499.206,0,0.497,NaN,0.216,499.423,0,300
3,296,500.426,0,4.592,NaN,0.169,500.595,0,300
3,297,501.597,0,3.707,NaN,0.142,501.739,0,300
3,298,502.742,0,5.612,NaN,0.148,502.890,0,300
3,299,503.892,0,10.264,NaN,0.056,503.948,0,300
3,300,504.950,0,5.976,NaN,0.023,504.974,0,300
3,301,505.976,1,0.127,0.164,0.681,506.657,-1,299
3,302,507.658,1,7.349,NaN,0.017,507.675,0,299
3,303,508.676,1,1.114,NaN,0.266,508.942,0,299
3,304,509.944,1,5.620,NaN,0.269,510.213,0,299
3,305,511.213,0,8.721,NaN,0.014,511.227,0,299
3,306,512.229,1,17.506,NaN,0.163,512.392,0,299
3,307,513.395,0,9.850,NaN,0.159,513.554,0,299
3,308,514.557,0,4.954,NaN,0.182,514.739,0,299
3,309,515.740,1,22.192,NaN,0.139,515.879,0,299
3,310,516.881,0,15.093,NaN,0.039,516.919,0,299
3,311,517.921,0,0.952,NaN,0.050,517.971,0,299
3,312,518.975,0,11.277,NaN,0.075,519.050,0,299
3,313,520.053,0,2.229,NaN,0.098,520.150,0,299
3,314,521.153,0,5.016,NaN,0.012,521.165,0,299
3,315,522.166,0,7.232,NaN,0.016,522.182,0,299
3,316,523.186,1,3.461,NaN,0.013,523.199,0,299
3,317,524.201,0,9.549,NaN,0.070,524.271,0,299
3,318,525.273,1,10.132,NaN,0.404,525.677,0,299
3,319,526.679,0,5.364,NaN,0.245,526.923,0,299
3,320,527.925,0,12.666,NaN,0.064,527.988,0,299
3,321,528.990,0,2.478,NaN,0.032,529.022,0,299
3,322,530.026,0,9.642,NaN,0.033,530.059,0,299
3,323,531.061,0,13.379,NaN,0.341,531.402,0,299
3,324,532.406,1,10.556,NaN,0.014,532.420,0,299
3,325,533.423,1,11.704,NaN,0.014,533.437,0,299
3,326,534.440,0,12.249,NaN,0.015,534.455,0,299
3,327,535.457,0,2.728,NaN,0.155,535.612,0,299
3,328,536.614,0,10.857,NaN,0.039,536.654,0,299
3,329,537.655,0,9.753,NaN,0.054,537.709,0,299
3,330,538.712,0,5.498,NaN,0.047,538.760,0,299
3,331,539.760,0,4.275,NaN,0.288,540.047,0,299
3,332,541.049,1,0.375,NaN,0.008,541.058,0,299
3,333,542.059,1,12.157,NaN,0.016,542.075,0,299
3,334,543.078,1,15.009,NaN,0.014,543.092,0,299
3,335,544.093,1,2.230,NaN,0.233,544.326,0,299
3,336,545.328,1,11.977,NaN,0.391,545.719,0,299
3,337,546.720,1,6.348,NaN,0.267,546.987,0,299
3,338,547.989,1,5.733,NaN,0.295,548.283,0,299
3,339,549.287,1,24.016,NaN,0.096,549.382,0,299
3,340,550.386,1,25.606,NaN,0.118,550.504,0,299
3,341,551.513,1,1.052,NaN,0.059,551.573,0,299
3,342,552.576,1,17.040,NaN,0.093,552.669,0,299
3,343,553.670,1,12.736,NaN,0.163,553.833,0,299
3,344,554.837,1,15.181,NaN,0.034,554.871,0,299
3,345,555.874,1,9.860,NaN,0.007,555.881,0,299
3,346,556.885,1,19.052,NaN,0.030,556.915,0,299
3,347,557.918,1,7.770,NaN,0.056,557.974,0,299
3,348,558.977,1,10.796,NaN,0.023,558.999,0,299
3,349,560.017,1,2.232,NaN,0.017,560.033,0,299
3,350,561.035,1,7.555,NaN,0.016,561.051,0,299
3,351,562.052,1,25.212,NaN,0.123,562.175,0,299
3,352,563.178,1,20.459,NaN,0.543,563.721,0,299
3,353,564.724,1,1.596,NaN,0.520,565.245,0,299
3,354,566.247,1,14.531,NaN,0.389,566.636,0,299
3,355,567.640,1,9.869,NaN,0.426,568.067,0,299
3,356,569.067,1,4.456,NaN,0.270,569.338,0,299
3,357,570.341,0,17.833,NaN,0.223,570.564,0,299
3,358,571.568,0,4.102,NaN,0.210,571.778,0,299
3,359,572.782,0,2.196,NaN,0.090,572.872,0,299
3,360,573.875,0,3.965,NaN,0.112,573.987,0,299
3,361,574.989,0,11.624,NaN,0.058,575.048,0,299
3,362,576.052,0,5.127,NaN,0.057,576.108,0,299
3,363,577.110,0,1.130,NaN,0.171,577.281,0,299
3,364,578.284,0,4.207,NaN,0.025,578.309,0,299
3,365,579.310,1,10.599,NaN,0.287,579.596,0,299
3,366,580.599,0,11.751,NaN,0.170,580.770,0,299
3,367,581.771,1,8.961,NaN,0.299,582.070,0,299
3,368,583.074,0,8.281,NaN,0.066,583.140,0,299
3,369,584.141,1,3.586,NaN,0.021,584.161,0,299
3,370,585.166,1,4.682,NaN,0.523,585.689,0,299
3,371,586.691,1,6.032,NaN,0.272,586.963,0,299
3,372,587.965,1,12.391,NaN,0.015,587.980,0,299
3,373,588.981,1,1.015,NaN,0.016,588.997,0,299
3,374,590.001,1,6.912,NaN,0.013,590.014,0,299
3,375,591.017,1,7.916,NaN,0.014,591.031,0,299
3,376,592.034,1,2.091,NaN,0.284,592.317,0,299
3,377,593.321,1,20.829,NaN,0.266,593.587,0,299
3,378,594.588,1,8.730,NaN,0.039,594.626,0,299
3,379,595.627,1,1.272,NaN,0.235,595.862,0,299
3,380,596.865,1,2.628,NaN,0.019,596.884,0,299
3,381,597.887,1,9.142,NaN,0.563,598.450,0,299
3,382,599.452,1,2.313,NaN,0.266,599.719,0,299
4,1,0.502,0,7.446,NaN,3.404,3.906,0,299
4,2,4.906,0,7.571,NaN,4.322,9.228,0,299
4,3,10.232,0,10.788,NaN,5.444,15.676,0,299
4,4,16.678,0,7.374,NaN,5.590,22.268,0,299
4,5,23.270,0,3.680,NaN,0.869,24.139,0,299
4,6,25.141,0,11.665,NaN,4.397,29.539,0,299
4,7,30.541,0,18.612,NaN,1.861,32.402,0,299
4,8,33.404,0,11.296,NaN,4.838,38.242,0,299
4,9,39.246,0,10.380,NaN,2.693,41.939,0,299
4,10,42.941,0,3.956,NaN,2.090,45.031,0,299
4,11,46.033,0,9.834,NaN,1.891,47.924,0,299
4,12,48.926,0,13.378,NaN,2.243,51.169,0,299
4,13,52.170,0,10.553,NaN,2.920,55.090,0,299
4,14,56.093,0,4.726,4.736,6.436,62.530,8,307
4,15,63.532,0,13.530,NaN,5.567,69.099,0,307
4,16,70.103,1,11.574,NaN,1.297,71.400,0,307
4,17,72.404,0,8.102,NaN,1.222,73.626,0,307
4,18,74.628,0,9.128,NaN,6.976,81.604,0,307
4,19,82.606,0,6.196,NaN,4.333,86.939,0,307
4,20,87.941,0,19.241,NaN,2.172,90.114,0,307
4,21,91.116,0,8.213,NaN,5.191,96.307,0,307
4,22,97.310,0,21.459,NaN,2.583,99.893,0,307
4,23,100.896,0,7.151,NaN,2.543,103.439,0,307
4,24,104.442,0,1.984,1.992,2.143,106.585,8,315
4,25,107.588,0,3.810,NaN,2.500,110.088,0,315
4,26,111.091,0,1.898,1.912,2.300,113.392,8,323
4,27,114.393,0,15.413,NaN,5.321,119.714,0,323
4,28,120.716,0,2.771,2.792,3.158,123.874,8,331
4,29,124.879,0,3.001,3.015,3.714,128.592,8,339
4,30,129.594,0,1.303,1.318,2.561,132.155,8,347
4,31,133.158,0,4.989,5.007,5.142,138.300,8,355
4,32,139.302,0,16.906,NaN,6.565,145.867,0,355
4,33,146.870,0,3.394,NaN,2.123,148.993,0,355
4,34,149.994,0,9.455,NaN,4.263,154.257,0,355
4,35,155.259,0,1.760,1.782,2.447,157.706,8,363
4,36,158.709,0,8.784,NaN,3.273,161.981,0,363
4,37,162.984,0,2.699,2.711,3.289,166.273,-1,362
4,38,167.277,0,2.392,NaN,0.909,168.186,0,362
4,39,169.188,0,15.235,NaN,5.205,174.392,0,362
4,40,175.395,0,12.880,NaN,2.774,178.169,0,362
4,41,179.173,0,3.410,3.430,3.848,183.021,8,370
4,42,184.025,0,2.756,2.780,3.338,187.363,8,378
4,43,188.365,0,10.403,NaN,3.967,192.332,0,378
4,44,193.334,0,16.870,NaN,0.959,194.292,0,378
4,45,195.294,0,0.859,0.882,1.367,196.661,8,386
4,46,197.663,0,7.573,NaN,4.134,201.797,0,386
4,47,202.798,0,10.875,NaN,4.812,207.610,0,386
4,48,208.614,0,1.869,1.886,2.641,211.255,8,394
4,49,212.258,0,1.591,1.610,2.356,214.614,8,402
4,50,215.617,0,13.153,13.174,13.815,229.433,-1,401
4,51,230.436,0,8.595,NaN,0.391,230.827,0,401
4,52,231.830,0,2.818,2.831,3.900,235.730,8,409
4,53,236.732,0,5.516,5.532,6.098,242.830,8,417
4,54,243.832,0,14.540,NaN,5.795,249.627,0,417
4,55,250.631,0,1.245,1.255,1.797,252.429,8,425
4,56,253.432,0,2.789,2.806,3.661,257.093,-1,424
4,57,258.097,0,5.153,NaN,0.661,258.758,0,424
4,58,259.761,0,6.218,NaN,3.809,263.570,0,424
4,59,264.573,0,1.442,1.453,2.060,266.633,8,432
4,60,267.635,0,1.928,1.943,2.309,269.944,8,440
4,61,270.946,0,5.488,5.502,6.049,276.995,-1,439
4,62,277.997,0,14.248,NaN,3.275,281.271,0,439
4,63,282.274,0,2.596,2.611,2.971,285.245,8,447
4,64,286.248,0,12.578,NaN,4.855,291.103,0,447
4,65,292.106,0,12.998,NaN,8.021,300.127,0,447
4,66,301.129,0,6.144,NaN,5.517,306.646,0,447
4,67,307.649,0,3.540,3.549,3.957,311.605,8,455
4,68,312.606,0,5.122,NaN,4.851,317.457,0,455
4,69,318.459,0,4.265,4.278,4.729,323.187,8,463
4,70,324.192,0,7.232,NaN,5.200,329.392,0,463
4,71,330.393,0,2.497,2.515,3.046,333.438,8,471
4,72,334.442,0,2.281,2.301,2.783,337.224,8,479
4,73,338.227,0,11.096,NaN,7.863,346.091,0,479
4,74,347.094,0,1.953,1.972,2.793,349.886,8,487
4,75,350.888,0,19.219,NaN,3.909,354.796,0,487
4,76,355.799,0,17.491,NaN,6.468,362.267,0,487
4,77,363.268,0,16.760,NaN,6.824,370.092,0,487
4,78,371.094,0,7.375,NaN,5.269,376.363,0,487
4,79,377.365,0,9.291,NaN,6.820,384.185,0,487
4,80,385.185,0,3.869,3.882,4.447,389.632,8,495
4,81,390.633,0,11.567,NaN,11.356,401.989,0,495
4,82,402.991,0,0.117,0.134,0.715,403.705,8,503
4,83,404.708,0,8.651,NaN,6.274,410.983,0,503
4,84,411.984,0,1.177,1.195,1.841,413.824,8,511
4,85,414.827,0,5.988,NaN,5.982,420.810,0,511
4,86,421.812,0,1.006,1.038,1.594,423.406,8,519
4,87,424.408,0,14.558,NaN,8.564,432.972,0,519
4,88,433.976,0,2.511,2.531,3.032,437.008,8,527
4,89,438.012,0,0.838,0.846,1.301,439.313,8,535
4,90,440.315,0,3.081,3.095,3.472,443.787,8,543
4,91,444.792,0,12.232,NaN,6.827,451.619,0,543
4,92,452.622,0,10.486,NaN,6.705,459.327,0,543
4,93,460.329,0,6.706,NaN,4.959,465.288,0,543
4,94,466.290,0,14.871,NaN,3.656,469.946,0,543
4,95,470.948,0,2.324,2.343,2.927,473.874,8,551
4,96,474.875,0,5.120,5.135,5.520,480.396,-1,550
4,97,481.397,0,7.601,NaN,7.269,488.666,0,550
4,98,489.669,0,2.201,2.214,2.739,492.408,8,558
4,99,493.410,0,5.243,NaN,5.242,498.652,0,558
4,100,499.654,0,23.851,NaN,11.501,511.155,0,558
4,101,512.157,0,11.981,NaN,7.286,519.443,0,558
4,102,520.447,0,5.759,5.786,6.552,526.999,-1,557
4,103,528.001,0,15.577,NaN,4.019,532.020,0,557
4,104,533.024,0,5.560,NaN,5.283,538.306,0,557
4,105,539.311,0,13.591,NaN,6.337,545.647,0,557
4,106,546.650,0,4.476,4.494,5.226,551.876,8,565
4,107,552.879,0,7.936,7.954,8.695,561.574,-1,564
4,108,562.575,0,3.986,3.993,4.778,567.353,8,572
4,109,568.354,0,10.712,10.721,11.246,579.600,-1,571
4,110,580.604,0,21.533,NaN,11.622,592.226,0,571
4,111,593.228,0,1.495,1.504,2.112,595.340,8,579
4,112,596.342,0,0.994,1.008,1.538,597.880,8,587
