1,1,0.500,0,9.071,NaN,8.176,8.676,0,0
1,2,9.678,0,2.117,2.138,2.550,12.228,-1,-1
1,3,13.229,0,4.647,4.656,6.805,20.035,-1,-2
1,4,21.039,0,4.689,NaN,1.194,22.234,0,-2
1,5,23.237,0,5.632,NaN,5.395,28.632,0,-2
1,6,29.634,0,4.375,4.392,5.202,34.836,-1,-3
1,7,35.838,0,14.762,NaN,4.752,40.590,0,-3
1,8,41.594,0,0.864,0.886,2.775,44.369,-1,-4
1,9,45.372,0,5.758,5.779,5.865,51.237,-1,-5
1,10,52.239,0,0.682,0.697,2.198,54.437,-1,-6
1,11,55.440,0,3.850,NaN,1.672,57.112,0,-6
1,12,58.114,0,16.708,NaN,6.215,64.328,0,-6
1,13,65.331,0,23.899,NaN,4.470,69.801,0,-6
1,14,70.803,0,6.013,NaN,5.555,76.358,0,-6
1,15,77.361,0,2.029,2.054,3.166,80.527,-1,-7
1,16,81.530,0,2.839,2.853,3.522,85.052,-1,-8
1,17,86.054,0,10.363,NaN,9.530,95.584,0,-8
1,18,96.585,0,18.961,NaN,8.356,104.941,0,-8
1,19,105.944,0,4.129,4.152,4.854,110.799,-1,-9
1,20,111.801,0,1.505,1.530,2.099,113.900,-1,-10
1,21,114.903,0,2.398,NaN,1.853,116.756,0,-10
1,22,117.758,0,7.346,NaN,6.042,123.800,0,-10
1,23,124.804,0,6.869,6.886,7.533,132.337,-1,-11
1,24,133.339,0,5.840,NaN,4.681,138.020,0,-11
1,25,139.022,0,2.307,NaN,0.772,139.795,0,-11
1,26,140.797,0,5.967,NaN,1.840,142.637,0,-11
1,27,143.639,0,7.429,NaN,2.793,146.432,0,-11
1,28,147.435,0,12.661,NaN,3.398,150.833,0,-11
1,29,151.835,0,13.986,NaN,2.903,154.738,0,-11
1,30,155.741,0,15.550,NaN,4.095,159.836,0,-11
1,31,160.840,0,12.675,NaN,4.216,165.056,0,-11
1,32,166.059,0,6.979,NaN,4.017,170.076,0,-11
1,33,171.077,0,3.803,NaN,0.907,171.983,0,-11
1,34,172.986,0,10.214,NaN,4.095,177.081,0,-11
1,35,178.083,0,0.972,0.979,1.931,180.014,-1,-12
1,36,181.018,0,13.543,NaN,1.674,182.692,0,-12
1,37,183.695,0,3.713,NaN,2.802,186.497,0,-12
1,38,187.500,0,7.836,NaN,0.568,188.067,0,-12
1,39,189.069,0,15.126,NaN,1.208,190.277,0,-12
1,40,191.279,0,2.521,NaN,1.543,192.822,0,-12
1,41,193.825,0,14.086,NaN,0.941,194.765,0,-12
1,42,195.767,0,8.580,NaN,1.351,197.118,0,-12
1,43,198.120,0,5.235,NaN,0.955,199.075,0,-12
1,44,200.076,0,2.482,NaN,1.398,201.474,0,-12
1,45,202.475,0,16.579,NaN,1.331,203.806,0,-12
1,46,204.808,0,8.568,NaN,2.177,206.985,0,-12
1,47,207.988,0,14.525,NaN,2.040,210.028,0,-12
1,48,211.031,0,5.445,NaN,1.195,212.226,0,-12
1,49,213.228,0,22.165,NaN,1.700,214.929,0,-12
1,50,215.931,0,0.523,0.532,0.982,216.913,-1,-13
1,51,217.914,0,10.194,NaN,0.639,218.553,0,-13
1,52,219.557,0,8.961,NaN,1.170,220.727,0,-13
1,53,221.729,0,6.410,NaN,0.786,222.516,0,-13
1,54,223.520,0,8.172,NaN,1.207,224.727,0,-13
1,55,225.728,0,1.821,NaN,0.352,226.081,0,-13
1,56,227.083,0,7.038,NaN,0.483,227.567,0,-13
1,57,228.570,0,11.165,NaN,1.948,230.518,0,-13
1,58,231.522,0,8.644,NaN,0.500,232.022,0,-13
1,59,233.026,0,10.052,NaN,1.082,234.108,0,-13
1,60,235.110,0,2.903,NaN,0.827,235.937,0,-13
1,61,236.939,0,0.572,0.583,0.811,237.750,-1,-14
1,62,238.755,0,19.624,NaN,1.362,240.116,0,-14
1,63,241.121,0,7.754,NaN,0.960,242.081,0,-14
1,64,243.084,0,12.565,NaN,0.774,243.858,0,-14
1,65,244.861,0,3.314,NaN,0.768,245.628,0,-14
1,66,246.632,0,16.149,NaN,0.674,247.306,0,-14
1,67,248.307,0,9.799,NaN,0.601,248.908,0,-14
1,68,249.911,0,13.924,NaN,0.625,250.536,0,-14
1,69,251.539,0,11.646,NaN,0.669,252.208,0,-14
1,70,253.211,0,1.928,NaN,0.350,253.561,0,-14
1,71,254.563,0,5.046,NaN,0.687,255.251,0,-14
1,72,256.254,0,9.114,NaN,0.501,256.755,0,-14
1,73,257.757,0,5.011,NaN,0.525,258.282,0,-14
1,74,259.285,0,9.379,NaN,0.603,259.889,0,-14
1,75,260.892,0,5.480,NaN,0.394,261.286,0,-14
1,76,262.290,0,10.159,NaN,1.107,263.397,0,-14
1,77,264.398,0,14.205,NaN,0.852,265.250,0,-14
1,78,266.252,0,16.868,NaN,0.391,266.643,0,-14
1,79,267.646,0,1.157,NaN,0.774,268.420,0,-14
1,80,269.425,0,1.741,NaN,0.657,270.082,0,-14
1,81,271.086,0,1.132,NaN,0.533,271.619,0,-14
1,82,272.622,0,21.307,NaN,0.639,273.261,0,-14
1,83,274.264,0,4.537,NaN,0.895,275.159,0,-14
1,84,276.162,0,5.111,NaN,0.336,276.498,0,-14
1,85,277.502,0,0.822,NaN,0.644,278.147,0,-14
1,86,279.150,0,5.063,NaN,0.264,279.413,0,-14
1,87,280.417,0,0.727,NaN,0.493,280.910,0,-14
1,88,281.912,0,9.983,NaN,0.823,282.736,0,-14
1,89,283.738,0,6.487,NaN,0.749,284.486,0,-14
1,90,285.488,0,12.791,NaN,0.675,286.164,0,-14
1,91,287.167,0,10.293,NaN,1.044,288.211,0,-14
1,92,289.214,0,1.641,NaN,0.594,289.808,0,-14
1,93,290.811,0,14.438,NaN,0.914,291.724,0,-14
1,94,292.725,0,4.571,NaN,0.585,293.310,0,-14
1,95,294.314,0,2.162,NaN,0.637,294.951,0,-14
1,96,295.953,0,6.184,NaN,0.714,296.667,0,-14
1,97,297.669,0,8.572,NaN,0.463,298.132,0,-14
1,98,299.136,0,13.284,NaN,0.731,299.867,0,-14
1,99,300.869,0,1.209,NaN,0.538,301.408,0,-14
1,100,302.410,0,10.092,NaN,0.823,303.233,0,-14
1,101,304.236,0,3.835,NaN,0.477,304.714,0,-14
1,102,305.716,0,12.309,NaN,0.792,306.508,0,-14
1,103,307.525,0,18.814,NaN,0.924,308.449,0,-14
1,104,309.450,0,5.411,NaN,0.869,310.319,0,-14
1,105,311.320,0,9.725,NaN,0.929,312.249,0,-14
1,106,313.253,0,22.208,NaN,1.525,314.778,0,-14
1,107,315.782,0,11.514,NaN,0.661,316.443,0,-14
1,108,317.445,0,7.184,NaN,0.474,317.919,0,-14
1,109,318.923,0,15.517,NaN,0.616,319.539,0,-14
1,110,320.542,0,20.182,NaN,0.792,321.334,0,-14
1,111,322.336,0,2.930,NaN,0.584,322.920,0,-14
1,112,323.924,0,1.570,NaN,0.654,324.578,0,-14
1,113,325.583,0,8.103,NaN,0.860,326.443,0,-14
1,114,327.446,0,5.800,NaN,0.662,328.108,0,-14
1,115,329.110,0,5.208,NaN,0.525,329.635,0,-14
1,116,330.635,0,5.093,NaN,0.425,331.060,0,-14
1,117,332.064,0,16.489,NaN,0.639,332.703,0,-14
1,118,333.705,0,6.293,NaN,1.331,335.036,0,-14
1,119,336.038,0,2.042,NaN,0.950,336.988,0,-14
1,120,337.991,0,10.446,NaN,0.666,338.656,0,-14
1,121,339.659,0,1.192,NaN,1.119,340.778,0,-14
1,122,341.779,0,2.330,NaN,0.857,342.635,0,-14
1,123,343.636,0,2.535,NaN,0.831,344.468,0,-14
1,124,345.472,0,8.436,NaN,0.842,346.315,0,-14
1,125,347.317,0,7.962,NaN,0.573,347.890,0,-14
1,126,348.893,0,2.626,NaN,0.726,349.619,0,-14
1,127,350.622,0,13.051,NaN,1.023,351.645,0,-14
1,128,352.646,0,10.515,NaN,0.312,352.958,0,-14
1,129,353.961,0,9.453,NaN,0.836,354.797,0,-14
1,130,355.799,0,7.651,NaN,0.480,356.279,0,-14
1,131,357.280,0,9.164,NaN,0.735,358.015,0,-14
1,132,359.019,0,8.596,NaN,0.620,359.638,0,-14
1,133,360.643,0,2.463,NaN,0.752,361.395,0,-14
1,134,362.399,0,9.513,NaN,0.960,363.358,0,-14
1,135,364.359,0,18.556,NaN,0.549,364.908,0,-14
1,136,365.911,0,21.640,NaN,0.511,366.421,0,-14
1,137,367.423,0,1.792,NaN,0.650,368.073,0,-14
1,138,369.075,0,14.688,NaN,0.680,369.755,0,-14
1,139,370.758,0,2.000,NaN,0.290,371.048,0,-14
1,140,372.049,0,4.017,NaN,0.548,372.596,0,-14
1,141,373.600,0,7.641,NaN,0.487,374.086,0,-14
1,142,375.088,0,20.432,NaN,1.151,376.238,0,-14
1,143,377.240,0,5.366,NaN,0.535,377.775,0,-14
1,144,378.777,0,12.747,NaN,0.648,379.425,0,-14
1,145,380.427,0,15.995,NaN,0.726,381.153,0,-14
1,146,382.154,0,8.163,NaN,0.673,382.828,0,-14
1,147,383.830,0,13.024,NaN,0.581,384.411,0,-14
1,148,385.414,0,3.386,NaN,0.997,386.411,0,-14
1,149,387.415,0,0.682,0.696,0.728,388.142,-1,-15
1,150,389.144,0,6.581,NaN,0.680,389.825,0,-15
1,151,390.827,0,9.686,NaN,0.433,391.260,0,-15
1,152,392.261,0,1.377,NaN,0.304,392.565,0,-15
1,153,393.569,0,4.150,NaN,0.647,394.215,0,-15
1,154,395.219,0,0.739,NaN,0.397,395.616,0,-15
1,155,396.619,0,10.027,NaN,0.267,396.887,0,-15
1,156,397.889,0,3.860,NaN,0.424,398.313,0,-15
1,157,399.314,0,2.821,NaN,0.524,399.838,0,-15
1,158,400.839,0,2.394,NaN,0.513,401.352,0,-15
1,159,402.354,0,23.394,NaN,0.337,402.691,0,-15
1,160,403.694,0,6.064,NaN,0.585,404.279,0,-15
1,161,405.282,0,5.904,NaN,0.464,405.747,0,-15
1,162,406.749,0,4.001,NaN,0.290,407.039,0,-15
1,163,408.042,0,9.988,NaN,0.476,408.518,0,-15
1,164,409.524,0,12.019,NaN,0.307,409.831,0,-15
1,165,410.834,0,8.020,NaN,0.680,411.514,0,-15
1,166,412.525,0,8.512,NaN,0.241,412.766,0,-15
1,167,413.769,0,2.541,NaN,0.540,414.309,0,-15
1,168,415.311,0,3.619,NaN,0.302,415.612,0,-15
1,169,416.617,0,4.131,NaN,0.393,417.009,0,-15
1,170,418.013,0,15.133,NaN,0.647,418.660,0,-15
1,171,419.663,0,14.333,NaN,0.715,420.378,0,-15
1,172,421.381,0,14.583,NaN,0.544,421.925,0,-15
1,173,422.928,0,0.656,0.666,0.837,423.765,-1,-16
1,174,424.767,0,1.896,NaN,0.488,425.255,0,-16
1,175,426.257,0,15.798,NaN,0.471,426.728,0,-16
1,176,427.730,0,2.035,NaN,0.409,428.140,0,-16
1,177,429.142,0,8.762,NaN,0.274,429.415,0,-16
1,178,430.418,0,5.519,NaN,0.492,430.910,0,-16
1,179,431.911,0,13.378,NaN,0.339,432.250,0,-16
1,180,433.251,0,9.686,NaN,0.289,433.540,0,-16
1,181,434.542,0,0.469,NaN,0.340,434.882,0,-16
1,182,435.885,0,5.101,NaN,0.267,436.152,0,-16
1,183,437.155,0,7.765,NaN,0.229,437.384,0,-16
1,184,438.385,0,4.636,NaN,0.308,438.693,0,-16
1,185,439.697,0,7.355,NaN,0.475,440.171,0,-16
1,186,441.173,0,2.503,NaN,0.297,441.470,0,-16
1,187,442.473,0,11.753,NaN,0.265,442.738,0,-16
1,188,443.741,0,7.150,NaN,0.613,444.354,0,-16
1,189,445.357,0,9.103,NaN,0.618,445.975,0,-16
1,190,446.977,0,20.159,NaN,0.335,447.312,0,-16
1,191,448.315,0,10.837,NaN,0.643,448.958,0,-16
1,192,449.961,0,15.781,NaN,0.271,450.232,0,-16
1,193,451.235,0,4.848,NaN,0.495,451.730,0,-16
1,194,452.733,0,8.060,NaN,0.393,453.127,0,-16
1,195,454.128,0,2.085,NaN,0.338,454.466,0,-16
1,196,455.468,0,1.175,NaN,0.239,455.708,0,-16
1,197,456.710,0,2.819,NaN,0.773,457.482,0,-16
1,198,458.483,0,10.472,NaN,0.312,458.795,0,-16
1,199,459.796,0,11.481,NaN,0.273,460.070,0,-16
1,200,461.074,0,1.627,NaN,0.295,461.369,0,-16
1,201,462.373,0,17.603,NaN,0.658,463.031,0,-16
1,202,464.034,0,3.246,NaN,0.412,464.447,0,-16
1,203,465.449,0,4.420,NaN,0.948,466.397,0,-16
1,204,467.400,0,18.674,NaN,0.916,468.315,0,-16
1,205,469.319,0,12.022,NaN,0.805,470.124,0,-16
1,206,471.128,0,3.554,NaN,0.534,471.662,0,-16
1,207,472.664,0,1.877,NaN,0.812,473.476,0,-16
1,208,474.479,0,12.264,NaN,0.485,474.964,0,-16
1,209,475.966,0,14.881,NaN,0.356,476.322,0,-16
1,210,477.324,0,9.477,NaN,0.264,477.588,0,-16
1,211,478.590,0,4.643,NaN,0.369,478.960,0,-16
1,212,479.962,0,4.170,NaN,0.486,480.448,0,-16
1,213,481.449,0,10.919,NaN,0.460,481.909,0,-16
1,214,482.912,0,7.187,NaN,0.518,483.431,0,-16
1,215,484.434,0,11.136,NaN,0.413,484.847,0,-16
1,216,485.849,0,6.654,NaN,0.353,486.202,0,-16
1,217,487.204,0,11.825,NaN,0.320,487.523,0,-16
1,218,488.527,0,13.707,NaN,0.597,489.123,0,-16
1,219,490.124,0,2.352,NaN,0.288,490.412,0,-16
1,220,491.415,0,18.911,NaN,0.300,491.715,0,-16
1,221,492.720,0,0.801,NaN,0.332,493.052,0,-16
1,222,494.054,0,5.138,NaN,0.548,494.602,0,-16
1,223,495.605,0,7.510,NaN,0.258,495.863,0,-16
1,224,496.867,0,6.181,NaN,0.308,497.176,0,-16
1,225,498.179,0,17.257,NaN,0.326,498.505,0,-16
1,226,499.515,0,19.305,NaN,0.371,499.886,0,-16
1,227,500.890,0,5.402,NaN,0.615,501.506,0,-16
1,228,502.518,0,6.072,NaN,0.321,502.840,0,-16
1,229,503.840,0,6.198,NaN,0.410,504.251,0,-16
1,230,505.252,0,10.249,NaN,0.399,505.651,0,-16
1,231,506.652,0,2.730,NaN,0.713,507.364,0,-16
1,232,508.365,0,1.056,NaN,0.974,509.339,0,-16
1,233,510.341,0,10.107,NaN,0.297,510.639,0,-16
1,234,511.643,0,1.662,NaN,0.543,512.186,0,-16
1,235,513.189,0,10.515,NaN,0.345,513.534,0,-16
1,236,514.535,0,1.659,NaN,0.442,514.977,0,-16
1,237,515.979,0,1.719,NaN,0.547,516.526,0,-16
1,238,517.527,0,6.455,NaN,0.568,518.095,0,-16
1,239,519.099,0,4.090,NaN,0.776,519.875,0,-16
1,240,520.878,0,14.473,NaN,0.497,521.375,0,-16
1,241,522.376,0,7.567,NaN,0.569,522.945,0,-16
1,242,523.948,0,6.933,NaN,0.573,524.521,0,-16
1,243,525.525,0,14.020,NaN,0.839,526.364,0,-16
1,244,527.367,0,10.152,NaN,0.674,528.041,0,-16
1,245,529.042,0,4.150,NaN,0.602,529.645,0,-16
1,246,530.647,0,2.246,NaN,0.547,531.193,0,-16
1,247,532.194,0,12.553,NaN,0.557,532.751,0,-16
1,248,533.755,0,6.038,NaN,0.644,534.398,0,-16
1,249,535.402,0,16.425,NaN,0.482,535.883,0,-16
1,250,536.888,0,10.409,NaN,0.776,537.664,0,-16
1,251,538.667,0,9.740,NaN,0.561,539.228,0,-16
1,252,540.230,0,4.758,NaN,0.718,540.947,0,-16
1,253,541.952,0,6.894,NaN,0.517,542.469,0,-16
1,254,543.472,0,3.242,NaN,0.523,543.995,0,-16
1,255,544.997,0,5.089,NaN,0.900,545.897,0,-16
1,256,546.900,0,1.724,NaN,0.521,547.421,0,-16
1,257,548.424,0,2.070,NaN,0.784,549.209,0,-16
1,258,550.212,0,5.544,NaN,0.563,550.775,0,-16
1,259,551.778,0,10.071,NaN,0.762,552.540,0,-16
1,260,553.543,0,8.828,NaN,0.426,553.969,0,-16
1,261,554.971,0,7.721,NaN,0.771,555.742,0,-16
1,262,556.746,0,15.968,NaN,0.554,557.300,0,-16
1,263,558.303,0,7.219,NaN,0.527,558.830,0,-16
1,264,559.832,0,2.819,NaN,0.856,560.688,0,-16
1,265,561.691,0,2.967,NaN,0.750,562.442,0,-16
1,266,563.446,0,5.974,NaN,0.900,564.346,0,-16
1,267,565.348,0,6.192,NaN,0.899,566.247,0,-16
1,268,567.249,0,10.253,NaN,0.961,568.210,0,-16
1,269,569.211,0,14.751,NaN,1.323,570.534,0,-16
1,270,571.538,0,1.707,NaN,0.706,572.244,0,-16
1,271,573.246,0,14.852,NaN,0.466,573.712,0,-16
1,272,574.716,0,3.351,NaN,0.671,575.387,0,-16
1,273,576.392,0,10.898,NaN,0.454,576.846,0,-16
1,274,577.849,0,3.095,NaN,0.535,578.384,0,-16
1,275,579.386,0,3.130,NaN,0.525,579.911,0,-16
1,276,580.912,0,4.705,NaN,0.556,581.468,0,-16
1,277,582.469,0,1.660,NaN,0.553,583.021,0,-16
1,278,584.025,0,4.314,NaN,0.531,584.556,0,-16
1,279,585.559,0,2.223,NaN,0.471,586.030,0,-16
1,280,587.030,0,1.719,NaN,0.772,587.802,0,-16
1,281,588.804,0,9.409,NaN,0.771,589.575,0,-16
1,282,590.579,0,1.533,NaN,0.681,591.260,0,-16
1,283,592.262,0,8.387,NaN,0.908,593.170,0,-16
1,284,594.171,0,12.050,NaN,0.773,594.944,0,-16
1,285,595.946,0,7.644,NaN,0.648,596.595,0,-16
1,286,597.597,0,4.888,NaN,0.575,598.172,0,-16
1,287,599.176,0,4.940,NaN,0.492,599.668,0,-16
2,1,0.502,0,6.452,6.467,6.826,7.328,8,-8
2,2,8.330,0,2.437,NaN,1.553,9.883,0,-8
2,3,10.886,0,14.384,NaN,8.291,19.177,0,-8
2,4,20.179,0,8.278,8.301,8.655,28.834,8,0
2,5,29.837,0,3.460,3.479,3.870,33.707,8,8
2,6,34.711,0,1.377,1.406,1.789,36.500,8,16
2,7,37.503,0,7.180,7.201,8.034,45.538,-1,15
2,8,46.539,0,4.281,NaN,1.724,48.263,0,15
2,9,49.263,0,4.397,NaN,3.315,52.579,0,15
2,10,53.580,0,10.135,NaN,0.823,54.403,0,15
2,11,55.405,0,15.447,NaN,6.872,62.278,0,15
2,12,63.278,0,4.098,4.120,4.539,67.818,-1,14
2,13,68.818,0,3.102,NaN,0.519,69.338,0,14
2,14,70.339,0,3.888,NaN,1.763,72.102,0,14
2,15,73.104,0,7.300,NaN,2.766,75.870,0,14
2,16,76.874,0,9.666,NaN,5.216,82.090,0,14
2,17,83.091,0,2.578,2.599,3.072,86.163,8,22
2,18,87.166,0,5.983,5.995,6.365,93.531,8,30
2,19,94.533,0,18.689,NaN,7.026,101.559,0,30
2,20,102.563,0,12.450,NaN,0.809,103.372,0,30
2,21,104.375,0,7.350,7.361,7.478,111.853,-1,29
2,22,112.855,0,5.509,NaN,0.166,113.021,0,29
2,23,114.022,0,1.285,1.299,1.768,115.790,8,37
2,24,116.793,0,1.640,1.663,2.062,118.855,8,45
2,25,119.857,0,15.063,NaN,4.953,124.810,0,45
2,26,125.813,0,2.866,2.881,3.360,129.174,8,53
2,27,130.175,0,11.274,NaN,10.537,140.712,0,53
2,28,141.713,0,12.957,NaN,6.910,148.623,0,53
2,29,149.626,0,1.146,1.162,1.912,151.538,8,61
2,30,152.539,0,11.618,NaN,6.896,159.436,0,61
2,31,160.438,0,16.581,NaN,6.353,166.791,0,61
2,32,167.794,0,1.076,1.086,1.608,169.402,8,69
2,33,170.406,0,9.778,NaN,9.657,180.063,0,69
2,34,181.065,0,4.290,4.306,4.774,185.839,8,77
2,35,186.843,0,2.584,2.597,3.080,189.923,8,85
2,36,190.926,0,2.549,2.565,2.978,193.904,8,93
2,37,194.906,0,1.818,1.837,2.228,197.134,8,101
2,38,198.135,0,6.225,NaN,5.463,203.598,0,101
2,39,204.602,0,10.154,NaN,6.080,210.682,0,101
2,40,211.687,0,8.822,NaN,7.649,219.336,0,101
2,41,220.339,0,5.968,5.985,6.586,226.925,-1,100
2,42,227.926,0,13.345,NaN,1.844,229.771,0,100
2,43,230.773,0,2.393,2.405,2.837,233.610,8,108
2,44,234.613,0,7.609,NaN,6.126,240.739,0,108
2,45,241.742,0,16.040,NaN,5.750,247.492,0,108
2,46,248.494,0,16.849,NaN,6.310,254.804,0,108
2,47,255.805,0,11.088,NaN,6.701,262.506,0,108
2,48,263.527,0,8.458,NaN,7.886,271.413,0,108
2,49,272.417,0,7.125,7.132,7.321,279.738,-1,107
2,50,280.740,0,0.696,0.710,1.205,281.945,8,115
2,51,282.947,0,3.697,3.706,4.101,287.047,8,123
2,52,288.049,0,14.572,NaN,5.525,293.574,0,123
2,53,294.578,0,12.903,NaN,5.550,300.128,0,123
2,54,301.131,0,10.138,NaN,7.266,308.397,0,123
2,55,309.399,0,1.068,1.081,1.531,310.930,8,131
2,56,311.932,0,2.290,2.300,2.694,314.626,8,139
2,57,315.628,0,18.728,NaN,6.155,321.783,0,139
2,58,322.784,0,4.095,4.104,4.522,327.306,8,147
2,59,328.309,0,17.148,NaN,5.564,333.874,0,147
2,60,334.875,0,6.907,NaN,5.327,340.203,0,147
2,61,341.207,0,9.181,NaN,4.364,345.571,0,147
2,62,346.574,0,9.206,NaN,4.456,351.030,0,147
2,63,352.035,0,4.102,4.117,4.536,356.571,8,155
2,64,357.573,0,13.587,NaN,4.149,361.723,0,155
2,65,362.726,0,14.504,NaN,5.299,368.026,0,155
2,66,369.028,0,4.061,4.082,4.494,373.522,8,163
2,67,374.524,0,18.625,NaN,4.433,378.956,0,163
2,68,379.957,0,10.197,NaN,4.811,384.768,0,163
2,69,385.771,0,8.384,NaN,6.348,392.119,0,163
2,70,393.123,0,7.314,NaN,5.915,399.039,0,163
2,71,400.042,0,12.151,NaN,5.988,406.030,0,163
2,72,407.032,0,17.352,NaN,5.581,412.614,0,163
2,73,413.615,0,7.504,NaN,5.852,419.468,0,163
2,74,420.470,0,5.207,5.232,5.650,426.120,8,171
2,75,427.123,0,12.372,NaN,6.487,433.610,0,171
2,76,434.613,0,14.201,NaN,7.284,441.897,0,171
2,77,442.901,0,1.761,1.776,2.204,445.105,8,179
2,78,446.107,0,11.946,NaN,5.694,451.801,0,179
2,79,452.803,0,9.766,NaN,7.274,460.076,0,179
2,80,461.077,0,5.531,5.544,5.918,466.995,8,187
2,81,467.998,0,4.495,4.509,4.977,472.976,8,195
2,82,473.978,0,4.023,4.032,4.839,478.817,8,203
2,83,479.818,0,3.125,3.144,3.584,483.402,8,211
2,84,484.405,0,6.023,6.044,6.171,490.575,8,219
2,85,491.577,0,16.376,NaN,6.529,498.106,0,219
2,86,499.108,0,5.665,5.681,6.046,505.154,8,227
2,87,506.157,0,1.391,1.417,1.967,508.124,8,235
2,88,509.127,0,21.632,NaN,6.224,515.351,0,235
2,89,516.353,0,3.359,3.377,3.927,520.280,8,243
2,90,521.282,0,11.247,NaN,6.067,527.349,0,243
2,91,528.349,0,13.488,NaN,6.526,534.875,0,243
2,92,535.878,0,6.258,6.279,6.615,542.494,8,251
2,93,543.495,0,3.106,3.130,3.618,547.113,8,259
2,94,548.114,0,2.077,2.096,2.572,550.686,8,267
2,95,551.689,0,5.156,5.175,5.510,557.199,-1,266
2,96,558.202,0,5.298,NaN,5.248,563.450,0,266
2,97,564.453,0,23.236,NaN,5.408,569.861,0,266
2,98,570.863,0,12.161,NaN,6.075,576.938,0,266
2,99,577.940,0,2.438,2.451,2.890,580.830,8,274
2,100,581.832,0,1.905,1.928,2.522,584.354,8,282
2,101,585.356,0,6.683,NaN,5.563,590.919,0,282
3,1,0.502,0,18.225,NaN,5.226,5.727,0,282
3,2,6.730,0,10.055,NaN,5.676,12.406,0,282
3,3,13.410,0,1.204,1.214,2.206,15.616,-1,281
3,4,16.619,0,1.041,1.056,1.524,18.143,-1,280
3,5,19.146,0,6.864,NaN,0.488,19.635,0,280
3,6,20.638,0,16.927,NaN,2.528,23.166,0,280
3,7,24.167,0,6.759,NaN,5.398,29.565,0,280
3,8,30.570,0,3.918,3.930,4.448,35.018,-1,279
3,9,36.018,0,1.798,NaN,1.079,37.098,0,279
3,10,38.101,0,13.240,NaN,3.720,41.821,0,279
3,11,42.824,0,2.475,NaN,2.248,45.072,0,279
3,12,46.075,0,15.591,NaN,4.054,50.129,0,279
3,13,51.133,0,11.056,NaN,4.229,55.362,0,279
3,14,56.363,0,1.777,1.798,2.246,58.609,-1,278
3,15,59.612,0,4.723,NaN,0.651,60.263,0,278
3,16,61.266,0,5.952,NaN,2.831,64.096,0,278
3,17,65.098,0,9.676,NaN,2.729,67.827,0,278
3,18,68.827,0,4.025,NaN,3.723,72.551,0,278
3,19,73.554,0,9.417,NaN,2.244,75.798,0,278
3,20,76.800,0,11.957,NaN,3.588,80.388,0,278
3,21,81.389,0,4.405,NaN,2.779,84.168,0,278
3,22,85.170,0,2.797,NaN,2.709,87.879,0,278
3,23,88.883,0,5.467,NaN,3.617,92.501,0,278
3,24,93.503,0,7.943,NaN,3.795,97.298,0,278
3,25,98.301,0,8.808,NaN,3.265,101.566,0,278
3,26,102.569,0,3.747,NaN,3.164,105.733,0,278
3,27,106.736,0,4.286,NaN,3.839,110.576,0,278
3,28,111.578,0,13.305,NaN,2.472,114.050,0,278
3,29,115.052,0,11.912,NaN,3.443,118.496,0,278
3,30,119.500,0,1.368,1.391,1.939,121.439,-1,277
3,31,122.442,0,21.480,NaN,3.623,126.064,0,277
3,32,127.069,0,3.799,NaN,2.926,129.995,0,277
3,33,130.997,0,17.336,NaN,2.718,133.715,0,277
3,34,134.717,0,13.134,NaN,2.744,137.461,0,277
3,35,138.462,0,16.149,NaN,2.419,140.881,0,277
3,36,141.884,0,16.345,NaN,2.943,144.827,0,277
3,37,145.830,0,1.314,1.323,1.775,147.605,-1,276
3,38,148.608,0,3.223,NaN,1.981,150.589,0,276
3,39,151.592,0,9.092,NaN,2.325,153.917,0,276
3,40,154.919,0,16.892,NaN,2.144,157.062,0,276
3,41,158.066,0,3.246,NaN,2.425,160.491,0,276
3,42,161.492,0,4.111,NaN,1.770,163.262,0,276
3,43,164.263,0,12.503,NaN,1.544,165.807,0,276
3,44,166.811,0,5.573,NaN,0.950,167.761,0,276
3,45,168.762,0,1.041,NaN,0.636,169.398,0,276
3,46,170.400,0,5.570,NaN,0.829,171.229,0,276
3,47,172.233,0,2.890,NaN,0.928,173.161,0,276
3,48,174.164,0,5.124,NaN,0.963,175.127,0,276
3,49,176.130,0,2.023,NaN,1.332,177.462,0,276
3,50,178.464,0,2.244,NaN,1.111,179.575,0,276
3,51,180.578,0,13.545,NaN,0.977,181.555,0,276
3,52,182.557,0,9.475,NaN,1.054,183.611,0,276
3,53,184.613,0,6.773,NaN,0.953,185.566,0,276
3,54,186.569,0,13.959,NaN,1.278,187.847,0,276
3,55,188.849,0,9.057,NaN,0.790,189.639,0,276
3,56,190.642,0,10.694,NaN,1.289,191.931,0,276
3,57,192.935,0,6.191,NaN,1.141,194.077,0,276
3,58,195.077,0,5.673,NaN,1.150,196.228,0,276
3,59,197.232,0,9.915,NaN,1.036,198.268,0,276
3,60,199.271,0,2.546,NaN,1.107,200.377,0,276
3,61,201.378,0,1.827,NaN,1.143,202.520,0,276
3,62,203.521,0,11.240,NaN,1.270,204.791,0,276
3,63,205.794,0,9.682,NaN,1.395,207.190,0,276
3,64,208.192,0,20.944,NaN,1.081,209.274,0,276
3,65,210.277,0,6.061,NaN,1.429,211.705,0,276
3,66,212.709,0,28.053,NaN,1.287,213.996,0,276
3,67,214.999,0,14.579,NaN,0.970,215.968,0,276
3,68,216.969,0,16.613,NaN,0.823,217.792,0,276
3,69,218.795,0,1.268,NaN,0.824,219.619,0,276
3,70,220.620,0,12.813,NaN,0.905,221.525,0,276
3,71,222.528,0,2.497,NaN,0.948,223.476,0,276
3,72,224.479,0,3.659,NaN,1.176,225.655,0,276
3,73,226.658,0,3.674,NaN,0.999,227.657,0,276
3,74,228.659,0,6.512,NaN,0.663,229.322,0,276
3,75,230.325,0,14.439,NaN,0.794,231.119,0,276
3,76,232.122,0,6.305,NaN,0.998,233.120,0,276
3,77,234.122,0,12.488,NaN,0.809,234.931,0,276
3,78,235.934,0,5.364,NaN,0.825,236.759,0,276
3,79,237.760,0,4.679,NaN,0.828,238.588,0,276
3,80,239.592,0,2.554,NaN,1.126,240.718,0,276
3,81,241.722,0,12.020,NaN,2.776,244.498,0,276
3,82,245.501,0,0.432,0.449,0.982,246.483,-1,275
3,83,247.486,0,17.072,NaN,0.649,248.136,0,275
3,84,249.139,0,22.799,NaN,0.828,249.967,0,275
3,85,250.969,0,4.244,NaN,1.353,252.322,0,275
3,86,253.326,0,8.565,NaN,1.081,254.406,0,275
3,87,255.408,0,2.793,NaN,1.200,256.608,0,275
3,88,257.612,0,0.814,0.827,1.165,258.777,-1,274
3,89,259.779,0,3.533,NaN,0.953,260.732,0,274
3,90,261.735,0,1.754,NaN,0.811,262.546,0,274
3,91,263.549,0,7.821,NaN,1.297,264.846,0,274
3,92,265.848,0,11.316,NaN,1.147,266.995,0,274
3,93,267.995,0,7.368,NaN,0.767,268.762,0,274
3,94,269.764,0,17.453,NaN,0.775,270.540,0,274
3,95,271.543,0,5.667,NaN,0.527,272.070,0,274
3,96,273.071,0,1.843,NaN,0.576,273.647,0,274
3,97,274.651,0,1.906,NaN,0.647,275.298,0,274
3,98,276.302,0,5.465,NaN,0.619,276.921,0,274
3,99,277.923,0,14.024,NaN,0.569,278.492,0,274
3,100,279.494,0,6.206,NaN,0.699,280.194,0,274
3,101,281.197,0,3.676,NaN,0.793,281.990,0,274
3,102,282.992,0,26.633,NaN,0.703,283.695,0,274
3,103,284.698,0,3.023,NaN,0.691,285.390,0,274
3,104,286.393,0,10.146,NaN,0.851,287.244,0,274
3,105,288.246,0,14.040,NaN,0.696,288.943,0,274
3,106,289.946,0,8.848,NaN,0.816,290.762,0,274
3,107,291.766,0,0.891,0.906,0.920,292.686,-1,273
3,108,293.686,0,2.509,NaN,0.497,294.183,0,273
3,109,295.187,0,16.032,NaN,0.690,295.877,0,273
3,110,296.879,0,9.957,NaN,1.182,298.060,0,273
3,111,299.063,0,8.319,NaN,1.272,300.336,0,273
3,112,301.339,0,2.188,NaN,1.279,302.618,0,273
3,113,303.620,0,6.333,NaN,1.524,305.144,0,273
3,114,306.146,0,4.636,NaN,1.151,307.297,0,273
3,115,308.299,0,13.106,NaN,1.192,309.490,0,273
3,116,310.494,0,13.085,NaN,0.858,311.352,0,273
3,117,312.357,0,7.630,NaN,0.893,313.250,0,273
3,118,314.252,0,0.928,0.947,1.112,315.364,-1,272
3,119,316.366,0,8.665,NaN,0.801,317.167,0,272
3,120,318.167,0,4.237,NaN,0.690,318.858,0,272
3,121,319.861,0,9.511,NaN,1.313,321.175,0,272
3,122,322.177,0,8.956,NaN,0.990,323.168,0,272
3,123,324.170,0,15.949,NaN,1.222,325.392,0,272
3,124,326.393,0,2.334,NaN,0.817,327.210,0,272
3,125,328.213,0,8.265,NaN,1.337,329.550,0,272
3,126,330.554,0,9.609,NaN,0.771,331.325,0,272
3,127,332.327,0,2.406,NaN,0.936,333.263,0,272
3,128,334.264,0,2.836,NaN,0.998,335.262,0,272
3,129,336.262,0,5.541,NaN,1.240,337.502,0,272
3,130,338.512,0,6.014,NaN,0.933,339.445,0,272
3,131,340.449,0,6.174,NaN,1.056,341.505,0,272
3,132,342.515,0,0.643,0.664,1.080,343.595,-1,271
3,133,344.598,0,2.492,NaN,0.780,345.379,0,271
3,134,346.381,0,2.736,NaN,0.794,347.175,0,271
3,135,348.178,0,8.719,NaN,0.646,348.823,0,271
3,136,349.826,0,0.961,NaN,0.668,350.495,0,271
3,137,351.496,0,1.269,1.288,1.414,352.910,-1,270
3,138,353.912,0,7.371,NaN,1.024,354.936,0,270
3,139,355.940,0,8.134,NaN,0.315,356.256,0,270
3,140,357.259,0,15.994,NaN,0.692,357.952,0,270
3,141,358.955,0,6.413,NaN,0.643,359.598,0,270
3,142,360.603,0,4.097,NaN,0.890,361.493,0,270
3,143,362.496,0,0.649,0.660,0.924,363.420,-1,269
3,144,364.422,0,11.102,NaN,1.228,365.651,0,269
3,145,366.652,0,4.545,NaN,0.452,367.104,0,269
3,146,368.106,0,3.927,NaN,0.533,368.638,0,269
3,147,369.641,0,1.747,NaN,0.522,370.163,0,269
3,148,371.165,0,14.008,NaN,1.146,372.311,0,269
3,149,373.314,0,12.494,NaN,1.119,374.433,0,269
3,150,375.438,0,4.604,NaN,0.587,376.024,0,269
3,151,377.026,0,16.222,NaN,0.484,377.509,0,269
3,152,378.515,0,7.357,NaN,0.428,378.944,0,269
3,153,379.946,0,7.655,NaN,0.716,380.662,0,269
3,154,381.666,0,5.522,NaN,0.687,382.353,0,269
3,155,383.354,0,8.130,NaN,0.558,383.913,0,269
3,156,384.917,0,14.369,NaN,0.911,385.828,0,269
3,157,386.831,0,5.458,NaN,0.887,387.718,0,269
3,158,388.721,0,9.647,NaN,0.898,389.619,0,269
3,159,390.621,0,2.418,NaN,0.831,391.451,0,269
3,160,392.453,0,4.899,NaN,0.971,393.424,0,269
3,161,394.427,0,14.562,NaN,1.308,395.735,0,269
3,162,396.738,0,2.289,NaN,0.863,397.601,0,269
3,163,398.605,0,12.717,NaN,1.029,399.634,0,269
3,164,400.636,0,6.158,NaN,0.909,401.545,0,269
3,165,402.547,0,4.636,NaN,0.915,403.462,0,269
3,166,404.466,0,11.096,NaN,0.929,405.395,0,269
3,167,406.397,0,15.704,NaN,1.162,407.559,0,269
3,168,408.562,0,14.952,NaN,0.770,409.332,0,269
3,169,410.333,0,1.863,NaN,0.999,411.331,0,269
3,170,412.334,0,16.739,NaN,1.318,413.652,0,269
3,171,414.654,0,8.631,NaN,1.592,416.246,0,269
3,172,417.249,0,2.752,NaN,1.560,418.809,0,269
3,173,419.810,0,3.159,NaN,1.395,421.204,0,269
3,174,422.208,0,0.254,0.276,0.811,423.018,-1,268
3,175,424.022,0,7.430,NaN,0.832,424.854,0,268
3,176,425.856,0,17.176,NaN,0.940,426.796,0,268
3,177,427.798,0,12.561,NaN,1.205,429.002,0,268
3,178,430.022,0,11.132,NaN,1.363,431.384,0,268
3,179,432.387,0,12.174,NaN,1.472,433.860,0,268
3,180,434.861,0,0.935,0.945,1.423,436.284,-1,267
3,181,437.285,0,3.993,NaN,1.113,438.398,0,267
3,182,439.400,0,7.470,NaN,1.181,440.581,0,267
3,183,441.584,0,1.940,NaN,1.261,442.844,0,267
3,184,443.846,0,6.725,NaN,1.711,445.558,0,267
3,185,446.562,0,9.755,NaN,1.518,448.080,0,267
3,186,449.084,0,11.289,NaN,1.613,450.697,0,267
3,187,451.699,0,9.775,NaN,1.980,453.679,0,267
3,188,454.681,0,13.887,NaN,1.915,456.596,0,267
3,189,457.599,0,27.893,NaN,2.087,459.686,0,267
3,190,460.688,0,4.459,NaN,1.821,462.508,0,267
3,191,463.521,0,2.750,NaN,2.127,465.648,0,267
3,192,466.650,0,16.720,NaN,1.935,468.585,0,267
3,193,469.586,0,1.730,1.737,2.272,471.858,-1,266
3,194,472.860,0,6.593,6.617,7.105,479.965,-1,265
3,195,480.967,0,6.513,NaN,1.448,482.415,0,265
3,196,483.420,0,11.619,NaN,1.511,484.931,0,265
3,197,485.932,0,8.650,NaN,1.165,487.098,0,265
3,198,488.098,0,1.772,NaN,1.171,489.269,0,265
3,199,490.273,0,4.970,NaN,1.430,491.702,0,265
3,200,492.706,0,3.718,NaN,1.091,493.797,0,265
3,201,494.798,0,0.361,0.370,0.832,495.630,-1,264
3,202,496.633,0,12.345,NaN,1.405,498.037,0,264
3,203,499.039,0,3.596,NaN,1.175,500.213,0,264
3,204,501.217,0,22.948,NaN,1.191,502.407,0,264
3,205,503.411,0,2.861,NaN,1.228,504.639,0,264
3,206,505.643,0,8.904,NaN,1.031,506.674,0,264
3,207,507.676,0,9.813,NaN,1.096,508.772,0,264
3,208,509.776,0,6.860,NaN,0.718,510.494,0,264
3,209,511.496,0,1.117,NaN,0.869,512.366,0,264
3,210,513.368,0,2.158,NaN,1.126,514.494,0,264
3,211,515.497,0,11.265,NaN,1.117,516.615,0,264
3,212,517.618,0,2.574,NaN,1.013,518.630,0,264
3,213,519.632,0,7.313,NaN,0.961,520.593,0,264
3,214,521.596,0,2.464,NaN,0.987,522.583,0,264
3,215,523.588,0,3.531,NaN,1.113,524.701,0,264
3,216,525.705,0,5.213,NaN,1.159,526.863,0,264
3,217,527.866,0,13.751,NaN,0.930,528.796,0,264
3,218,529.799,0,9.674,NaN,1.463,531.263,0,264
3,219,532.265,0,9.993,NaN,1.436,533.701,0,264
3,220,534.704,0,13.343,NaN,1.530,536.235,0,264
3,221,537.237,0,1.640,1.652,1.706,538.942,-1,263
3,222,539.945,0,5.234,NaN,1.262,541.208,0,263
3,223,542.210,0,16.420,NaN,1.090,543.300,0,263
3,224,544.303,0,5.194,NaN,1.608,545.911,0,263
3,225,546.913,0,6.415,NaN,1.752,548.666,0,263
3,226,549.670,0,16.179,NaN,1.693,551.362,0,263
3,227,552.365,0,11.183,NaN,1.783,554.148,0,263
3,228,555.151,0,15.480,NaN,1.068,556.219,0,263
3,229,557.222,0,11.785,NaN,1.261,558.483,0,263
3,230,559.484,0,20.714,NaN,1.172,560.656,0,263
3,231,561.657,0,28.429,NaN,1.421,563.079,0,263
3,232,564.082,0,4.005,NaN,2.100,566.183,0,263
3,233,567.187,0,6.049,NaN,1.894,569.081,0,263
3,234,570.081,0,3.455,NaN,1.463,571.544,0,263
3,235,572.547,0,10.574,NaN,1.624,574.171,0,263
3,236,575.173,0,5.477,NaN,1.525,576.698,0,263
3,237,577.699,0,2.098,NaN,1.823,579.523,0,263
3,238,580.527,0,12.594,NaN,2.158,582.684,0,263
3,239,583.687,0,2.075,2.091,2.573,586.260,-1,262
3,240,587.262,0,17.729,NaN,1.539,588.800,0,262
3,241,589.804,0,5.818,NaN,2.434,592.238,0,262
3,242,593.238,0,4.124,NaN,2.293,595.531,0,262
3,243,596.534,0,7.081,NaN,1.292,597.826,0,262
4,1,0.500,0,2.425,2.434,2.804,3.304,8,270
4,2,4.307,0,16.218,NaN,7.230,11.536,0,270
4,3,12.539,0,3.957,3.968,4.413,16.952,8,278
4,4,17.955,0,13.247,NaN,4.913,22.868,0,278
4,5,23.871,0,3.342,3.358,3.779,27.651,8,286
4,6,28.652,0,5.765,NaN,5.701,34.353,0,286
4,7,35.356,0,0.836,0.845,1.248,36.604,8,294
4,8,37.608,0,11.542,NaN,0.955,38.562,0,294
4,9,39.566,0,4.915,NaN,4.523,44.089,0,294
4,10,45.091,0,5.888,NaN,4.274,49.365,0,294
4,11,50.368,0,4.097,4.108,4.529,54.897,8,302
4,12,55.898,0,1.154,1.162,1.647,57.545,8,310
4,13,58.547,0,6.468,NaN,2.962,61.509,0,310
4,14,62.515,0,8.477,NaN,5.321,67.836,0,310
4,15,68.839,0,11.547,NaN,6.515,75.354,0,310
4,16,76.357,0,17.099,NaN,7.163,83.520,0,310
4,17,84.525,0,5.428,5.451,6.171,90.696,8,318
4,18,91.698,0,2.452,2.463,3.765,95.463,8,326
4,19,96.466,0,2.857,2.864,3.204,99.670,8,334
4,20,100.673,0,7.322,NaN,3.077,103.750,0,334
4,21,104.751,0,11.307,NaN,5.910,110.661,0,334
4,22,111.663,0,2.287,2.308,2.722,114.385,8,342
4,23,115.388,0,10.559,NaN,5.027,120.415,0,342
4,24,121.418,0,13.774,NaN,5.377,126.795,0,342
4,25,127.798,0,13.073,NaN,6.336,134.134,0,342
4,26,135.136,0,12.212,NaN,6.820,141.957,0,342
4,27,142.959,0,11.898,NaN,6.555,149.514,0,342
4,28,150.524,0,8.549,NaN,6.949,157.473,0,342
4,29,158.475,0,16.906,NaN,6.748,165.224,0,342
4,30,166.227,0,14.925,NaN,8.743,174.970,0,342
4,31,175.974,0,9.615,9.631,10.049,186.023,-1,341
4,32,187.023,0,10.583,NaN,8.070,195.093,0,341
4,33,196.098,0,4.566,4.581,5.039,201.137,8,349
4,34,202.139,0,15.811,NaN,8.705,210.844,0,349
4,35,211.847,0,2.738,2.755,3.199,215.046,8,357
4,36,216.049,0,13.900,NaN,7.975,224.024,0,357
4,37,225.028,0,9.535,NaN,7.293,232.321,0,357
4,38,233.324,0,0.968,0.987,1.540,234.863,8,365
4,39,235.867,0,19.665,NaN,7.443,243.309,0,365
4,40,244.311,0,14.779,NaN,8.418,252.729,0,365
4,41,253.731,0,16.190,NaN,7.676,261.408,0,365
4,42,262.409,0,7.133,7.152,7.604,270.013,-1,364
4,43,271.013,0,7.884,NaN,7.059,278.072,0,364
4,44,279.073,0,2.044,2.060,2.578,281.651,8,372
4,45,282.655,0,1.104,1.113,1.608,284.263,8,380
4,46,285.266,0,1.618,1.636,2.024,287.291,8,388
4,47,288.294,0,10.088,NaN,6.318,294.612,0,388
4,48,295.615,0,11.514,NaN,6.522,302.137,0,388
4,49,303.139,0,4.361,4.373,4.942,308.081,-1,387
4,50,309.083,0,25.642,NaN,7.366,316.448,0,387
4,51,317.450,0,1.121,1.134,1.653,319.103,8,395
4,52,320.105,0,7.610,NaN,6.669,326.774,0,395
4,53,327.777,0,6.248,6.264,6.649,334.426,-1,394
4,54,335.427,0,4.603,4.617,4.959,340.387,8,402
4,55,341.388,0,5.309,5.326,5.719,347.107,8,410
4,56,348.110,0,6.277,6.291,6.669,354.779,-1,409
4,57,355.783,0,0.317,0.336,0.858,356.641,8,417
4,58,357.642,0,4.151,4.162,4.672,362.314,8,425
4,59,363.315,0,10.738,NaN,5.866,369.181,0,425
4,60,370.183,0,5.108,5.128,5.418,375.601,-1,424
4,61,376.602,0,12.869,NaN,5.764,382.366,0,424
4,62,383.369,0,1.034,1.047,1.499,384.868,8,432
4,63,385.872,0,3.126,3.145,3.676,389.548,8,440
4,64,390.553,0,5.036,NaN,2.944,393.497,0,440
4,65,394.500,0,2.707,2.722,3.140,397.640,8,448
4,66,398.643,0,2.782,2.797,3.223,401.866,8,456
4,67,402.868,0,23.574,NaN,5.040,407.908,0,456
4,68,408.911,0,1.247,1.267,1.972,410.882,8,464
4,69,411.885,0,5.174,5.196,5.340,417.225,-1,463
4,70,418.228,0,17.180,NaN,4.163,422.391,0,463
4,71,423.396,0,2.307,2.323,2.774,426.170,8,471
4,72,427.175,0,14.237,NaN,4.078,431.253,0,471
4,73,432.255,0,15.072,NaN,5.105,437.360,0,471
4,74,438.360,0,13.750,NaN,4.933,443.293,0,471
4,75,444.294,0,3.352,3.368,3.791,448.085,8,479
4,76,449.089,0,9.151,NaN,4.394,453.483,0,479
4,77,454.485,0,4.463,4.482,4.638,459.124,-1,478
4,78,460.127,0,1.035,1.058,1.584,461.711,8,486
4,79,462.716,0,17.800,NaN,4.192,466.908,0,486
4,80,467.910,0,4.125,NaN,3.849,471.759,0,486
4,81,472.761,0,10.180,NaN,3.816,476.576,0,486
4,82,477.577,0,16.640,NaN,4.469,482.046,0,486
4,83,483.051,0,8.561,NaN,5.649,488.700,0,486
4,84,489.704,0,4.632,4.663,4.926,494.630,8,494
4,85,495.634,0,2.407,2.419,2.890,498.524,-1,493
4,86,499.525,0,2.835,2.847,3.275,502.800,8,501
4,87,503.802,0,1.613,1.621,2.272,506.074,8,509
4,88,507.078,0,8.664,NaN,3.845,510.923,0,509
4,89,511.925,0,1.744,1.752,2.218,514.143,8,517
4,90,515.146,0,6.557,NaN,4.018,519.164,0,517
4,91,520.167,0,0.398,0.413,0.867,521.034,8,525
4,92,522.038,0,2.587,2.594,2.983,525.020,8,533
4,93,526.024,0,3.564,3.577,3.959,529.983,8,541
4,94,530.986,0,14.248,NaN,4.386,535.372,0,541
4,95,536.373,0,1.591,1.598,2.120,538.493,8,549
4,96,539.496,0,14.533,NaN,3.428,542.924,0,549
4,97,543.925,0,7.189,NaN,4.352,548.277,0,549
4,98,549.278,0,14.233,NaN,4.933,554.210,0,549
4,99,555.211,0,6.590,NaN,4.298,559.509,0,549
4,100,560.518,0,2.228,2.248,2.767,563.285,8,557
4,101,564.288,0,8.048,NaN,4.225,568.512,0,557
4,102,569.522,0,9.643,NaN,4.458,573.980,0,557
4,103,574.983,0,13.567,NaN,4.150,579.133,0,557
4,104,580.135,0,12.142,NaN,4.448,584.583,0,557
4,105,585.585,0,4.215,NaN,4.095,589.679,0,557
4,106,590.680,0,10.740,NaN,4.322,595.002,0,557
