1,1,0.502,0,2.918,2.933,3.433,3.935,8,8
1,2,4.937,0,1.980,1.999,2.411,7.348,8,16
1,3,8.350,0,1.784,1.804,2.214,10.564,8,24
1,4,11.566,0,4.462,4.475,5.143,16.709,-1,23
1,5,17.711,0,2.825,2.848,3.400,21.111,8,31
1,6,22.115,0,7.839,7.849,8.357,30.472,8,39
1,7,31.474,0,17.168,17.182,17.767,49.241,-1,38
1,8,50.245,0,9.725,9.733,10.794,61.040,-1,37
1,9,62.042,0,8.461,8.475,8.876,70.918,8,45
1,10,71.920,0,5.201,5.216,5.675,77.596,8,53
1,11,78.599,0,15.324,15.345,16.042,94.642,-1,52
1,12,95.644,0,7.074,7.088,7.564,103.208,8,60
1,13,104.209,0,5.922,5.943,6.394,110.603,8,68
1,14,111.606,0,1.633,1.664,2.125,113.731,8,76
1,15,114.734,0,13.103,13.110,13.495,128.228,-1,75
1,16,129.231,0,6.299,6.316,6.925,136.157,-1,74
1,17,137.160,0,3.955,3.973,4.443,141.603,8,82
1,18,142.604,0,1.106,1.114,1.620,144.224,8,90
1,19,145.225,0,20.079,20.087,20.607,165.832,-1,89
1,20,166.835,0,5.832,5.847,6.418,173.253,-1,88
1,21,174.255,0,16.841,16.852,17.461,191.716,-1,87
1,22,192.719,0,3.089,3.107,3.599,196.318,8,95
1,23,197.319,0,18.813,NaN,12.840,210.159,0,95
1,24,211.161,0,4.029,4.040,4.467,215.629,8,103
1,25,216.631,0,2.729,2.739,3.289,219.920,8,111
1,26,220.924,0,13.757,NaN,9.105,230.029,0,111
1,27,231.031,0,6.707,6.714,7.106,238.137,8,119
1,28,239.139,0,9.470,9.479,10.088,249.227,-1,118
1,29,250.231,0,2.771,2.789,3.347,253.578,8,126
1,30,254.582,0,9.367,NaN,7.102,261.684,0,126
1,31,262.686,0,6.537,6.558,7.243,269.929,-1,125
1,32,270.932,0,8.843,8.850,9.317,280.249,-1,124
1,33,281.253,0,15.781,15.804,16.279,297.532,-1,123
1,34,298.535,0,1.659,1.674,2.230,300.764,8,131
1,35,301.767,0,5.047,5.061,5.588,307.355,8,139
1,36,308.356,0,7.926,7.944,8.478,316.834,8,147
1,37,317.836,0,12.006,12.037,12.472,330.307,-1,146
1,38,331.309,0,1.878,1.898,2.415,333.724,8,154
1,39,334.727,0,9.907,9.919,10.394,345.121,-1,153
1,40,346.124,0,11.202,11.212,11.696,357.819,-1,152
1,41,358.823,0,3.376,3.399,3.830,362.653,8,160
1,42,363.656,0,13.519,13.539,14.007,377.663,-1,159
1,43,378.664,0,14.119,14.138,14.700,393.365,-1,158
1,44,394.367,0,5.200,5.222,5.692,400.059,8,166
1,45,401.064,0,10.277,10.298,10.839,411.903,-1,165
1,46,412.904,0,11.855,NaN,9.786,422.691,0,165
1,47,423.694,0,11.271,11.279,11.764,435.457,-1,164
1,48,436.460,0,1.804,1.814,2.406,438.866,8,172
1,49,439.868,0,2.557,2.575,3.044,442.912,8,180
1,50,443.914,0,7.304,7.316,7.947,451.861,-1,179
1,51,452.864,0,1.774,1.784,2.386,455.250,8,187
1,52,456.253,0,1.298,1.314,1.809,458.062,8,195
1,53,459.065,0,7.348,NaN,6.123,465.188,0,195
1,54,466.188,0,2.393,2.400,2.845,469.033,8,203
1,55,470.034,0,4.071,4.091,4.706,474.740,8,211
1,56,475.742,0,4.594,4.603,5.065,480.807,8,219
1,57,481.808,0,6.164,6.173,6.875,488.683,-1,218
1,58,489.685,0,6.835,6.850,7.229,496.914,8,226
1,59,497.915,0,4.495,4.507,5.188,503.103,-1,225
1,60,504.106,0,13.549,NaN,8.359,512.465,0,225
1,61,513.468,0,17.435,17.450,17.960,531.427,-1,224
1,62,532.431,0,14.195,NaN,10.901,543.332,0,224
1,63,544.334,0,3.035,3.058,3.607,547.942,8,232
1,64,548.945,0,13.773,NaN,13.662,562.606,0,232
1,65,563.608,0,26.751,26.788,27.533,591.141,-1,231
2,1,0.500,0,6.154,6.169,6.670,7.170,8,239
2,2,8.174,0,8.815,8.833,9.488,17.662,8,247
2,3,18.665,0,4.761,4.779,5.492,24.157,-1,246
2,4,25.160,0,2.146,2.169,2.868,28.029,-1,245
2,5,29.031,0,11.310,11.320,11.716,40.747,8,253
2,6,41.751,0,8.779,8.789,9.257,51.008,8,261
2,7,52.011,0,14.720,14.737,15.194,67.205,8,269
2,8,68.207,0,5.511,5.528,5.954,74.161,8,277
2,9,75.164,0,4.130,4.156,4.746,79.910,-1,276
2,10,80.911,0,7.450,7.463,7.833,88.744,8,284
2,11,89.746,0,8.268,8.300,8.742,98.488,8,292
2,12,99.491,0,1.698,1.706,2.325,101.816,-1,291
2,13,102.818,0,3.810,3.832,4.369,107.187,-1,290
2,14,108.189,0,3.827,3.847,4.204,112.393,-1,289
2,15,113.398,0,1.162,1.173,1.641,115.038,-1,288
2,16,116.042,0,1.644,1.663,2.063,118.105,-1,287
2,17,119.107,0,8.804,8.820,9.175,128.282,8,295
2,18,129.284,0,15.775,15.784,16.169,145.453,8,303
2,19,146.455,0,2.771,2.782,3.294,149.749,8,311
2,20,150.752,0,3.179,3.187,3.842,154.595,-1,310
2,21,155.596,0,7.542,7.563,7.922,163.519,8,318
2,22,164.522,0,14.530,14.546,14.936,179.458,8,326
2,23,180.460,0,9.893,9.912,10.337,190.797,8,334
2,24,191.800,0,3.065,3.075,3.643,195.443,-1,333
2,25,196.447,0,12.657,12.668,12.981,209.428,8,341
2,26,210.430,0,0.651,0.669,1.274,211.704,-1,340
2,27,212.706,0,6.943,6.964,7.502,220.208,-1,339
2,28,221.209,0,9.198,9.216,9.576,230.785,8,347
2,29,231.787,0,7.624,7.642,8.151,239.938,-1,346
2,30,240.942,0,1.245,1.256,1.675,242.617,-1,345
2,31,243.618,0,17.846,17.855,18.234,261.853,8,353
2,32,262.855,0,2.714,2.720,3.366,266.221,-1,352
2,33,267.224,0,3.303,3.320,3.771,270.996,-1,351
2,34,271.998,0,16.290,16.304,16.661,288.659,8,359
2,35,289.664,0,4.792,4.808,5.263,294.927,-1,358
2,36,295.930,0,10.697,10.715,11.116,307.046,8,366
2,37,308.047,0,8.367,8.385,8.934,316.982,8,374
2,38,317.984,0,6.732,6.752,7.127,325.111,-1,373
2,39,326.114,0,16.275,16.281,16.827,342.941,8,381
2,40,343.944,0,16.204,16.226,16.606,360.550,8,389
2,41,361.553,0,6.541,6.554,7.331,368.884,-1,388
2,42,369.886,0,5.446,5.458,6.095,375.981,8,396
2,43,376.984,0,17.867,17.886,18.295,395.279,8,404
2,44,396.283,0,9.486,9.508,9.915,406.198,8,412
2,45,407.199,0,0.195,0.210,0.768,407.967,-1,411
2,46,408.971,0,2.790,2.807,3.392,412.363,-1,410
2,47,413.364,0,4.656,4.667,5.066,418.431,-1,409
2,48,419.432,0,13.727,13.739,14.120,433.551,8,417
2,49,434.552,0,2.205,2.221,2.678,437.230,-1,416
2,50,438.234,0,1.569,1.591,1.978,440.211,-1,415
2,51,441.213,0,4.521,4.531,4.992,446.205,8,423
2,52,447.208,0,2.163,2.171,2.597,449.805,-1,422
2,53,450.807,0,5.780,5.792,6.086,456.894,-1,421
2,54,457.895,0,11.771,11.793,12.161,470.057,8,429
2,55,471.060,0,6.577,6.599,7.119,478.180,-1,428
2,56,479.183,0,4.332,4.346,4.955,484.138,-1,427
2,57,485.140,0,7.087,7.109,7.592,492.733,-1,426
2,58,493.736,0,5.900,5.917,6.854,500.590,-1,425
2,59,501.591,0,2.737,2.747,3.158,504.750,-1,424
2,60,505.752,0,10.015,10.025,10.400,516.152,8,432
2,61,517.153,0,0.928,0.942,1.320,518.472,-1,431
2,62,519.474,0,11.903,11.927,12.332,531.806,8,439
2,63,532.808,0,18.221,18.236,18.649,551.457,8,447
2,64,552.460,0,11.535,11.557,11.950,564.410,8,455
2,65,565.413,0,5.313,5.323,5.734,571.147,-1,454
2,66,572.151,0,15.792,15.811,16.292,588.443,8,462
2,67,589.446,0,1.653,1.667,2.224,591.669,-1,461
2,68,592.672,0,3.020,3.043,3.553,596.225,-1,460
3,1,0.502,0,14.394,14.405,14.965,15.467,-1,459
3,2,16.469,0,9.045,9.060,9.659,26.128,8,467
3,3,27.131,0,8.625,8.636,8.974,36.105,-1,466
3,4,37.107,0,0.481,0.494,0.983,38.090,8,474
3,5,39.093,0,13.898,13.915,14.335,53.428,-1,473
3,6,54.430,0,1.871,1.880,2.237,56.667,8,481
3,7,57.670,0,1.018,1.024,1.402,59.072,8,489
3,8,60.074,0,4.257,4.290,4.707,64.781,-1,488
3,9,65.784,0,25.017,25.042,25.545,91.329,-1,487
3,10,92.329,0,15.120,15.138,15.567,107.896,-1,486
3,11,108.899,0,5.768,5.789,6.213,115.112,-1,485
3,12,116.115,0,4.480,4.492,4.925,121.040,8,493
3,13,122.043,0,2.045,2.066,2.447,124.490,8,501
3,14,125.494,0,1.488,1.499,1.828,127.322,8,509
3,15,128.324,0,21.095,21.113,21.624,149.949,-1,508
3,16,150.950,0,6.455,6.474,6.822,157.772,8,516
3,17,158.773,0,7.226,7.238,7.591,166.365,8,524
3,18,167.366,0,13.660,13.669,14.084,181.451,-1,523
3,19,182.451,0,7.193,7.205,7.649,190.100,-1,522
3,20,191.102,0,12.504,12.527,12.973,204.075,-1,521
3,21,205.076,0,9.575,9.592,10.064,215.140,-1,520
3,22,216.142,0,6.886,6.914,7.348,223.490,-1,519
3,23,224.492,0,5.942,5.950,6.421,230.913,-1,518
3,24,231.917,0,10.909,10.932,11.354,243.271,-1,517
3,25,244.275,0,2.116,2.125,2.644,246.918,8,525
3,26,247.922,0,5.046,5.065,5.124,253.045,8,533
3,27,254.046,0,15.050,NaN,13.034,267.080,0,533
3,28,268.082,0,5.354,5.365,5.769,273.851,8,541
3,29,274.851,0,14.495,NaN,10.591,285.443,0,541
3,30,286.444,0,3.111,3.126,3.703,290.147,8,549
3,31,291.151,0,20.020,NaN,7.696,298.846,0,549
3,32,299.849,0,3.125,3.145,3.557,303.405,8,557
3,33,304.408,0,2.954,2.971,3.402,307.810,8,565
3,34,308.813,0,5.435,5.452,5.982,314.795,-1,564
3,35,315.798,0,6.346,6.354,6.853,322.651,8,572
3,36,323.654,0,8.174,8.186,8.702,332.356,-1,571
3,37,333.361,0,0.984,0.997,1.516,334.877,8,579
3,38,335.879,0,9.455,9.468,9.918,345.797,-1,578
3,39,346.798,0,8.859,8.870,9.311,356.109,-1,577
3,40,357.110,0,4.782,4.795,5.236,362.347,8,585
3,41,363.349,0,7.255,7.277,7.751,371.099,8,593
3,42,372.100,0,1.830,1.844,2.275,374.375,8,601
3,43,375.376,0,3.112,3.120,3.524,378.901,8,609
3,44,379.903,0,9.352,9.365,9.767,389.669,-1,608
3,45,390.672,0,9.252,9.285,9.661,400.333,8,616
3,46,401.334,0,1.927,1.940,2.392,403.726,8,624
3,47,404.728,0,6.500,6.516,7.102,411.831,8,632
3,48,412.832,0,16.082,NaN,10.948,423.780,0,632
3,49,424.781,0,12.878,NaN,11.038,435.819,0,632
3,50,436.821,0,15.388,15.410,15.828,452.650,-1,631
3,51,453.652,0,1.613,1.630,2.093,455.745,8,639
3,52,456.747,0,4.209,4.222,4.671,461.418,8,647
3,53,462.421,0,4.233,4.250,4.652,467.073,8,655
3,54,468.073,0,11.027,11.037,11.486,479.560,-1,654
3,55,480.562,0,13.353,NaN,12.390,492.951,0,654
3,56,493.953,0,4.271,4.283,4.697,498.650,8,662
3,57,499.652,0,4.950,4.970,5.412,505.064,-1,661
3,58,506.066,0,2.352,2.375,2.799,508.865,8,669
3,59,509.868,0,13.870,NaN,11.955,521.824,0,669
3,60,522.825,0,13.853,NaN,11.263,534.088,0,669
3,61,535.090,0,2.795,2.815,3.233,538.323,8,677
3,62,539.325,0,9.062,9.084,9.240,548.565,8,685
3,63,549.567,0,4.921,4.929,5.397,554.964,8,693
3,64,555.968,0,1.719,1.729,2.147,558.116,8,701
3,65,559.119,0,6.987,6.999,7.452,566.571,8,709
3,66,567.574,0,9.199,9.216,9.852,577.426,-1,708
3,67,578.428,0,15.181,NaN,10.428,588.856,0,708
3,68,589.857,0,8.484,8.493,9.011,598.868,-1,707
4,1,0.500,0,3.132,3.151,3.826,4.326,-1,706
4,2,5.329,0,5.488,5.509,5.996,11.326,8,714
4,3,12.327,0,2.218,2.230,2.624,14.951,-1,713
4,4,15.955,0,2.785,2.803,3.278,19.233,-1,712
4,5,20.235,0,0.961,0.974,1.502,21.737,-1,711
4,6,22.740,0,3.190,3.205,3.640,26.380,-1,710
4,7,27.383,0,19.358,NaN,16.022,43.405,0,710
4,8,44.408,0,1.543,1.564,2.042,46.450,-1,709
4,9,47.452,0,0.779,0.787,1.221,48.674,-1,708
4,10,49.675,0,5.974,5.985,6.730,56.405,-1,707
4,11,57.407,0,8.776,8.791,9.299,66.706,8,715
4,12,67.709,0,6.544,6.559,7.024,74.734,-1,714
4,13,75.737,0,16.756,NaN,11.337,87.075,0,714
4,14,88.077,0,9.131,9.153,9.616,97.692,8,722
4,15,98.696,0,1.476,1.485,2.153,100.848,-1,721
4,16,101.849,0,16.168,16.190,16.719,118.569,8,729
4,17,119.571,0,17.520,NaN,11.108,130.679,0,729
4,18,131.682,0,7.088,7.100,7.666,139.349,-1,728
4,19,140.349,0,8.164,8.188,8.733,149.083,-1,727
4,20,150.086,0,1.281,1.303,1.981,152.066,-1,726
4,21,153.068,0,9.096,9.109,9.480,162.548,8,734
4,22,163.549,0,12.364,NaN,10.021,173.570,0,734
4,23,174.573,0,14.646,NaN,10.449,185.022,0,734
4,24,186.026,0,3.964,3.981,4.522,190.548,-1,733
4,25,191.552,0,14.914,NaN,12.513,204.065,0,733
4,26,205.068,0,2.952,2.964,3.559,208.627,-1,732
4,27,209.631,0,9.422,9.439,9.816,219.447,8,740
4,28,220.449,0,16.354,16.363,16.750,237.199,8,748
4,29,238.201,0,12.059,12.067,12.546,250.747,8,756
4,30,251.751,0,2.373,2.386,2.938,254.689,-1,755
4,31,255.691,0,4.588,4.599,5.246,260.937,-1,754
4,32,261.940,0,5.673,5.687,6.071,268.011,8,762
4,33,269.015,0,5.973,5.982,6.395,275.410,8,770
4,34,276.414,0,18.755,18.776,19.176,295.590,8,778
4,35,296.591,0,4.748,4.768,5.273,301.864,8,786
4,36,302.866,0,3.881,3.912,4.339,307.206,-1,785
4,37,308.208,0,14.474,14.495,14.857,323.065,8,793
4,38,324.068,0,9.058,9.073,9.542,333.610,8,801
4,39,334.614,0,11.200,11.217,11.598,346.212,8,809
4,40,347.216,0,3.093,3.100,3.548,350.764,-1,808
4,41,351.767,0,5.863,5.869,6.486,358.253,-1,807
4,42,359.256,0,8.080,8.101,8.578,367.834,8,815
4,43,368.835,0,0.725,0.740,1.196,370.031,-1,814
4,44,371.034,0,13.880,13.899,14.291,385.325,8,822
4,45,386.326,0,7.144,7.160,7.495,393.821,-1,821
4,46,394.824,0,5.144,5.165,5.789,400.613,-1,820
4,47,401.616,0,4.046,4.059,4.595,406.211,-1,819
4,48,407.214,0,11.230,11.251,11.701,418.915,8,827
4,49,419.916,0,8.391,8.403,8.775,428.691,8,835
4,50,429.692,0,10.936,10.950,11.377,441.069,8,843
4,51,442.073,0,5.016,5.039,5.558,447.631,-1,842
4,52,448.634,0,2.298,2.313,2.836,451.471,-1,841
4,53,452.474,0,13.203,13.214,13.555,466.029,8,849
4,54,467.032,0,0.453,0.472,0.968,468.000,-1,848
4,55,469.007,0,8.229,8.253,8.606,477.613,8,856
4,56,478.617,0,13.596,13.616,13.952,492.568,8,864
4,57,493.571,0,25.076,25.091,25.539,519.110,8,872
4,58,520.112,0,3.401,3.419,4.111,524.223,-1,871
4,59,525.227,0,6.317,6.325,6.771,531.998,-1,870
4,60,533.000,0,2.296,2.303,2.736,535.736,-1,869
4,61,536.739,0,20.200,20.208,20.574,557.313,8,877
4,62,558.317,0,7.746,7.768,8.196,566.513,8,885
4,63,567.522,0,8.353,8.367,9.019,576.541,-1,884
4,64,577.543,0,14.339,14.354,14.794,592.337,8,892
4,65,593.339,0,5.504,5.528,5.939,599.278,8,900
