1,1,0.502,0,1.207,1.227,1.621,2.122,8,8
1,2,3.126,0,3.275,3.288,3.647,6.773,8,16
1,3,7.776,0,12.391,NaN,8.076,15.852,0,16
1,4,16.854,0,6.038,NaN,4.471,21.325,0,16
1,5,22.327,0,3.946,3.963,4.360,26.687,8,24
1,6,27.690,0,11.739,NaN,4.157,31.847,0,24
1,7,32.848,0,1.301,1.313,1.648,34.496,8,32
1,8,35.498,0,6.594,NaN,4.469,39.967,0,32
1,9,40.969,0,21.262,NaN,4.766,45.734,0,32
1,10,46.737,0,12.408,NaN,5.190,51.927,0,32
1,11,52.931,0,7.508,NaN,5.586,58.517,0,32
1,12,59.526,0,9.982,NaN,3.906,63.432,0,32
1,13,64.434,0,15.636,NaN,8.684,73.118,0,32
1,14,74.120,0,6.770,6.779,7.148,81.268,-1,31
1,15,82.271,0,12.671,NaN,5.447,87.719,0,31
1,16,88.721,0,11.142,NaN,7.343,96.064,0,31
1,17,97.068,0,13.357,13.379,13.684,110.752,-1,30
1,18,111.752,0,4.619,NaN,2.982,114.735,0,30
1,19,115.739,0,3.439,3.446,3.791,119.530,8,38
1,20,120.534,0,5.639,5.654,5.968,126.502,-1,37
1,21,127.525,0,3.380,3.399,3.676,131.200,8,45
1,22,132.202,0,1.703,1.723,2.038,134.239,8,53
1,23,135.242,0,4.022,NaN,3.227,138.469,0,53
1,24,139.472,0,10.844,NaN,5.866,145.338,0,53
1,25,146.341,0,4.245,4.258,4.676,151.018,8,61
1,26,152.022,0,7.258,NaN,3.464,155.486,0,61
1,27,156.489,0,9.975,NaN,5.678,162.167,0,61
1,28,163.170,0,10.289,NaN,7.468,170.638,0,61
1,29,171.639,0,2.316,2.338,2.696,174.335,8,69
1,30,175.338,0,16.711,NaN,4.083,179.421,0,69
1,31,180.423,0,11.377,NaN,6.345,186.768,0,69
1,32,187.772,0,20.948,NaN,6.673,194.445,0,69
1,33,195.449,0,1.837,1.856,2.222,197.671,8,77
1,34,198.673,0,9.787,NaN,2.907,201.580,0,77
1,35,202.584,0,2.269,2.291,2.660,205.244,8,85
1,36,206.245,0,7.552,NaN,2.103,208.348,0,85
1,37,209.352,0,2.990,3.010,3.347,212.699,8,93
1,38,213.700,0,9.683,NaN,5.913,219.613,0,93
1,39,220.615,0,6.335,NaN,4.888,225.503,0,93
1,40,226.522,0,1.779,1.798,2.709,229.231,8,101
1,41,230.232,0,17.593,NaN,5.250,235.483,0,101
1,42,236.485,0,2.354,2.373,3.369,239.854,8,109
1,43,240.855,0,4.378,4.406,4.604,245.459,8,117
1,44,246.462,0,3.099,3.118,3.519,249.981,8,125
1,45,250.983,0,0.934,0.947,1.367,252.350,8,133
1,46,253.354,0,13.070,NaN,6.149,259.502,0,133
1,47,260.520,0,14.408,NaN,4.230,264.750,0,133
1,48,265.752,0,2.194,2.203,2.546,268.298,8,141
1,49,269.300,0,6.722,NaN,4.189,273.489,0,141
1,50,274.491,0,7.355,NaN,4.206,278.696,0,141
1,51,279.698,0,0.706,0.730,1.094,280.792,8,149
1,52,281.793,0,0.960,0.969,1.353,283.145,8,157
1,53,284.148,0,10.360,NaN,2.634,286.782,0,157
1,54,287.782,0,8.629,NaN,5.520,293.302,0,157
1,55,294.307,0,5.815,NaN,4.440,298.746,0,157
1,56,299.749,0,9.010,9.025,9.393,309.143,8,165
1,57,310.146,0,11.358,NaN,4.798,314.944,0,165
1,58,315.948,0,19.643,NaN,5.067,321.015,0,165
1,59,322.019,0,9.971,NaN,4.164,326.183,0,165
1,60,327.185,0,1.374,1.383,2.334,329.519,8,173
1,61,330.521,1,2.754,2.782,3.611,334.132,8,181
1,62,335.136,0,3.356,3.370,4.271,339.407,8,189
1,63,340.410,0,2.747,2.764,3.446,343.856,8,197
1,64,344.862,0,7.455,NaN,5.683,350.545,0,197
1,65,351.549,0,15.805,NaN,3.627,355.176,0,197
1,66,356.179,0,4.513,4.537,4.903,361.082,8,205
1,67,362.085,0,15.597,NaN,5.519,367.604,0,205
1,68,368.606,0,16.988,NaN,5.047,373.653,0,205
1,69,374.655,0,2.222,2.235,2.653,377.308,8,213
1,70,378.311,0,3.963,NaN,3.899,382.211,0,213
1,71,383.215,0,13.401,NaN,4.898,388.113,0,213
1,72,389.115,0,10.417,NaN,3.671,392.786,0,213
1,73,393.787,0,0.813,0.828,1.432,395.219,8,221
1,74,396.220,0,1.518,1.530,2.321,398.542,8,229
1,75,399.544,0,21.753,NaN,4.977,404.521,0,229
1,76,405.522,0,12.848,NaN,3.553,409.074,0,229
1,77,410.076,0,12.109,NaN,5.346,415.422,0,229
1,78,416.422,0,1.630,1.654,2.057,418.479,8,237
1,79,419.483,0,5.694,5.713,6.148,425.631,8,245
1,80,426.635,0,8.566,NaN,5.940,432.575,0,245
1,81,433.576,0,12.496,NaN,2.992,436.568,0,245
1,82,437.571,0,5.803,NaN,3.057,440.628,0,245
1,83,441.630,0,13.538,NaN,6.229,447.859,0,245
1,84,448.860,0,7.839,7.851,8.123,456.983,-1,244
1,85,457.987,0,5.131,NaN,5.012,462.999,0,244
1,86,464.001,0,7.884,NaN,4.923,468.924,0,244
1,87,469.927,0,3.398,3.408,4.147,474.074,8,252
1,88,475.077,0,9.194,NaN,6.069,481.146,0,252
1,89,482.149,0,5.462,5.477,6.170,488.319,8,260
1,90,489.322,0,7.389,NaN,5.067,494.390,0,260
1,91,495.393,0,3.780,NaN,3.492,498.885,0,260
1,92,499.886,0,7.591,7.599,8.134,508.020,-1,259
1,93,509.024,0,13.228,NaN,3.950,512.974,0,259
1,94,513.977,0,2.125,2.145,2.917,516.894,8,267
1,95,517.898,0,13.155,NaN,3.675,521.573,0,267
1,96,522.577,0,17.742,NaN,7.649,530.225,0,267
1,97,531.227,0,1.719,1.737,2.142,533.369,8,275
1,98,534.371,0,4.012,4.029,4.397,538.768,-1,274
1,99,539.772,0,2.925,2.946,3.252,543.024,8,282
1,100,544.027,0,16.487,NaN,4.561,548.588,0,282
1,101,549.592,0,12.557,NaN,4.517,554.109,0,282
1,102,555.112,0,6.251,6.265,6.480,561.592,8,290
1,103,562.595,0,2.266,2.284,2.702,565.297,8,298
1,104,566.299,0,1.403,1.414,1.776,568.075,8,306
1,105,569.078,0,11.463,NaN,3.855,572.932,0,306
1,106,573.934,0,3.953,NaN,3.595,577.529,0,306
1,107,578.532,0,2.216,2.237,2.562,581.094,8,314
1,108,582.096,0,10.642,NaN,3.829,585.925,0,314
1,109,586.930,0,19.615,NaN,4.974,591.904,0,314
1,110,592.906,0,4.587,4.605,5.536,598.442,-1,313
2,1,0.502,0,9.419,NaN,4.562,5.064,0,313
2,2,6.068,0,7.599,NaN,6.359,12.427,0,313
2,3,13.431,0,8.340,8.363,9.048,22.478,-1,312
2,4,23.481,0,5.516,NaN,4.802,28.282,0,312
2,5,29.285,0,2.106,2.129,2.648,31.933,-1,311
2,6,32.937,0,19.177,NaN,3.148,36.085,0,311
2,7,37.088,0,2.093,2.114,2.478,39.566,-1,310
2,8,40.568,0,10.487,NaN,5.144,45.713,0,310
2,9,46.716,0,2.829,2.841,3.285,50.001,-1,309
2,10,51.009,0,3.720,NaN,3.422,54.430,0,309
2,11,55.433,0,5.164,5.179,5.544,60.977,-1,308
2,12,61.979,0,30.000,NaN,4.774,66.753,0,308
2,13,67.755,0,25.043,NaN,11.971,79.726,0,308
2,14,80.730,0,8.903,NaN,6.774,87.504,0,308
2,15,88.527,0,0.969,0.982,1.354,89.881,-1,307
2,16,90.884,0,1.635,1.660,1.974,92.858,-1,306
2,17,93.860,0,11.406,NaN,4.271,98.131,0,306
2,18,99.134,0,7.652,NaN,4.348,103.482,0,306
2,19,104.485,0,0.873,0.881,1.315,105.801,-1,305
2,20,106.805,0,6.763,NaN,3.515,110.320,0,305
2,21,111.323,0,8.609,NaN,4.700,116.023,0,305
2,22,117.023,0,15.495,NaN,6.020,123.043,0,305
2,23,124.045,0,5.437,5.450,5.640,129.684,-1,304
2,24,130.687,0,0.694,0.708,1.116,131.803,-1,303
2,25,132.806,0,16.119,NaN,4.094,136.899,0,303
2,26,137.902,0,11.969,NaN,3.972,141.874,0,303
2,27,142.875,0,10.862,NaN,5.314,148.189,0,303
2,28,149.192,0,11.487,NaN,6.238,155.430,0,303
2,29,156.432,0,0.846,0.859,1.282,157.715,-1,302
2,30,158.719,0,3.015,3.024,3.392,162.111,-1,301
2,31,163.112,0,12.885,NaN,5.235,168.347,0,301
2,32,169.351,0,2.099,2.113,2.648,171.999,-1,300
2,33,173.001,0,7.746,NaN,4.732,177.733,0,300
2,34,178.735,0,4.243,4.251,4.650,183.385,-1,299
2,35,184.387,0,5.628,NaN,4.982,189.369,0,299
2,36,190.372,0,5.342,NaN,4.189,194.561,0,299
2,37,195.564,0,2.818,2.830,3.272,198.836,-1,298
2,38,199.838,0,1.526,1.541,1.908,201.746,-1,297
2,39,202.748,0,6.569,NaN,5.466,208.214,0,297
2,40,209.215,0,11.514,NaN,6.207,215.421,0,297
2,41,216.423,0,4.520,NaN,3.788,220.211,0,297
2,42,221.214,0,6.779,NaN,4.530,225.743,0,297
2,43,226.743,0,17.480,NaN,2.150,228.893,0,297
2,44,229.895,0,0.877,0.898,1.399,231.294,-1,296
2,45,232.297,0,8.933,NaN,4.077,236.374,0,296
2,46,237.377,0,7.578,NaN,5.299,242.677,0,296
2,47,243.679,0,11.657,NaN,6.319,249.998,0,296
2,48,251.000,0,8.269,NaN,4.233,255.233,0,296
2,49,256.236,0,2.806,2.820,3.351,259.587,-1,295
2,50,260.591,0,6.253,NaN,4.697,265.288,0,295
2,51,266.290,0,10.913,NaN,4.651,270.941,0,295
2,52,271.945,0,15.873,NaN,4.934,276.879,0,295
2,53,277.882,0,6.891,NaN,5.373,283.256,0,295
2,54,284.257,0,5.760,5.780,6.180,290.438,8,303
2,55,291.440,0,11.335,NaN,4.622,296.062,0,303
2,56,297.063,0,10.528,NaN,4.802,301.865,0,303
2,57,302.868,0,3.874,3.894,4.327,307.195,-1,302
2,58,308.200,0,10.009,NaN,4.974,313.174,0,302
2,59,314.175,0,11.145,NaN,6.265,320.440,0,302
2,60,321.443,0,22.668,NaN,6.517,327.960,0,302
2,61,328.962,0,4.966,NaN,4.705,333.667,0,302
2,62,334.670,0,1.095,1.106,1.543,336.213,-1,301
2,63,337.214,0,5.098,5.114,5.533,342.748,-1,300
2,64,343.749,0,12.857,NaN,5.832,349.581,0,300
2,65,350.584,0,18.289,NaN,4.776,355.360,0,300
2,66,356.362,0,13.514,NaN,4.270,360.632,0,300
2,67,361.635,0,13.762,NaN,5.027,366.662,0,300
2,68,367.665,0,11.217,NaN,3.583,371.248,0,300
2,69,372.250,0,3.690,3.711,4.058,376.308,-1,299
2,70,377.310,0,16.406,NaN,6.751,384.061,0,299
2,71,385.063,0,1.653,1.670,2.223,387.286,-1,298
2,72,388.288,0,18.194,NaN,5.296,393.584,0,298
2,73,394.587,0,2.185,2.200,2.673,397.260,-1,297
2,74,398.263,0,2.221,2.243,2.515,400.778,-1,296
2,75,401.781,0,2.997,3.011,3.365,405.146,-1,295
2,76,406.149,0,5.717,NaN,4.535,410.684,0,295
2,77,411.687,0,3.117,3.127,3.910,415.597,-1,294
2,78,416.600,0,0.376,0.397,1.036,417.636,-1,293
2,79,418.637,0,0.785,0.795,1.513,420.150,-1,292
2,80,421.154,0,14.101,NaN,5.705,426.858,0,292
2,81,427.862,0,5.953,5.977,6.402,434.264,-1,291
2,82,435.267,0,6.192,NaN,4.454,439.722,0,291
2,83,440.724,0,5.570,NaN,4.618,445.342,0,291
2,84,446.344,0,16.291,NaN,3.953,450.297,0,291
2,85,451.300,0,4.510,NaN,4.343,455.644,0,291
2,86,456.644,0,3.809,NaN,2.616,459.261,0,291
2,87,460.262,0,3.151,3.174,3.655,463.917,-1,290
2,88,464.920,0,16.750,NaN,4.030,468.950,0,290
2,89,469.951,0,16.006,NaN,6.393,476.344,0,290
2,90,477.348,0,7.384,NaN,4.496,481.843,0,290
2,91,482.846,0,3.488,3.501,3.789,486.635,-1,289
2,92,487.636,0,8.017,NaN,4.927,492.563,0,289
2,93,493.564,0,17.075,NaN,6.826,500.390,0,289
2,94,501.391,0,9.471,NaN,5.321,506.712,0,289
2,95,507.714,0,8.804,NaN,5.647,513.361,0,289
2,96,514.364,0,6.091,NaN,3.469,517.833,0,289
2,97,518.835,0,8.289,NaN,3.939,522.774,0,289
2,98,523.777,0,0.270,0.288,0.844,524.622,-1,288
2,99,525.622,0,6.393,6.413,7.072,532.694,8,296
2,100,533.695,0,8.912,NaN,5.329,539.023,0,296
2,101,540.027,0,13.423,NaN,4.948,544.976,0,296
2,102,545.978,0,20.279,NaN,5.126,551.104,0,296
2,103,552.105,0,8.891,NaN,5.726,557.831,0,296
2,104,558.832,0,10.877,NaN,6.615,565.446,0,296
2,105,566.448,0,5.276,NaN,3.541,569.989,0,296
2,106,570.993,0,11.594,NaN,5.902,576.895,0,296
2,107,577.898,0,3.932,3.945,4.463,582.361,-1,295
2,108,583.365,0,5.576,5.598,6.600,589.965,-1,294
2,109,590.967,0,3.013,3.031,4.319,595.286,-1,293
3,1,0.501,0,7.403,NaN,4.702,5.203,0,293
3,2,6.204,0,6.346,6.368,6.770,12.974,8,301
3,3,13.975,0,1.669,1.682,2.165,16.141,8,309
3,4,17.143,0,11.623,NaN,5.551,22.694,0,309
3,5,23.696,0,10.442,NaN,6.443,30.139,0,309
3,6,31.142,0,2.605,2.624,3.038,34.180,8,317
3,7,35.183,0,6.521,6.537,6.955,42.138,8,325
3,8,43.140,0,17.843,NaN,5.783,48.923,0,325
3,9,49.925,0,16.948,NaN,5.704,55.629,0,325
3,10,56.630,0,1.439,1.447,1.776,58.406,8,333
3,11,59.409,0,9.591,NaN,6.236,65.645,0,333
3,12,66.650,0,0.341,0.349,0.726,67.376,8,341
3,13,68.380,0,18.208,NaN,4.406,72.785,0,341
3,14,73.787,0,8.490,NaN,4.565,78.352,0,341
3,15,79.353,0,14.503,NaN,3.419,82.772,0,341
3,16,83.774,0,0.954,0.967,1.484,85.257,8,349
3,17,86.259,0,4.695,4.717,5.102,91.362,8,357
3,18,92.364,0,1.054,1.064,1.515,93.879,8,365
3,19,94.883,0,1.583,1.596,2.044,96.927,8,373
3,20,97.932,0,8.770,NaN,3.648,101.580,0,373
3,21,102.583,0,2.390,2.400,3.272,105.855,8,381
3,22,106.857,0,10.138,NaN,5.594,112.451,0,381
3,23,113.453,0,7.104,NaN,5.021,118.474,0,381
3,24,119.475,0,9.869,NaN,4.714,124.189,0,381
3,25,125.190,0,5.063,NaN,4.822,130.013,0,381
3,26,131.017,0,9.632,NaN,3.898,134.915,0,381
3,27,135.918,0,7.339,NaN,4.209,140.127,0,381
3,28,141.129,0,3.974,3.989,4.358,145.488,8,389
3,29,146.489,0,3.517,3.548,3.987,150.476,8,397
3,30,151.480,0,2.641,2.659,3.214,154.694,8,405
3,31,155.696,0,4.342,4.363,4.660,160.356,8,413
3,32,161.359,0,5.294,5.303,5.932,167.291,-1,412
3,33,168.294,0,9.837,NaN,3.948,172.242,0,412
3,34,173.245,0,15.971,NaN,6.011,179.255,0,412
3,35,180.258,0,5.833,5.847,6.345,186.603,-1,411
3,36,187.607,0,8.424,NaN,5.889,193.496,0,411
3,37,194.500,0,2.306,2.326,5.512,200.013,8,419
3,38,201.013,0,7.276,7.285,7.788,208.801,-1,418
3,39,209.802,0,1.200,1.231,1.993,211.795,8,426
3,40,212.797,0,2.412,2.421,3.340,216.137,8,434
3,41,217.141,0,2.901,2.913,3.590,220.731,8,442
3,42,221.735,0,17.120,NaN,7.247,228.983,0,442
3,43,229.984,0,12.698,NaN,6.676,236.660,0,442
3,44,237.663,0,4.897,4.919,5.190,242.853,8,450
3,45,243.856,0,12.239,NaN,5.786,249.642,0,450
3,46,250.645,0,7.333,7.344,7.620,258.265,8,458
3,47,259.266,0,6.835,NaN,6.065,265.330,0,458
3,48,266.331,0,12.664,NaN,5.337,271.667,0,458
3,49,272.670,0,3.084,3.094,3.528,276.198,8,466
3,50,277.202,0,0.158,0.179,0.648,277.850,8,474
3,51,278.852,0,5.967,NaN,5.051,283.904,0,474
3,52,284.906,0,20.083,NaN,3.899,288.805,0,474
3,53,289.808,0,5.641,NaN,4.277,294.084,0,474
3,54,295.087,0,3.465,3.487,3.836,298.924,8,482
3,55,299.925,0,6.687,NaN,6.187,306.112,0,482
3,56,307.115,0,13.257,NaN,6.399,313.515,0,482
3,57,314.517,0,11.759,NaN,4.029,318.546,0,482
3,58,319.547,0,8.227,NaN,5.121,324.668,0,482
3,59,325.670,0,9.074,NaN,7.316,332.985,0,482
3,60,333.988,0,13.672,NaN,5.463,339.451,0,482
3,61,340.453,0,25.646,NaN,8.175,348.628,0,482
3,62,349.630,0,3.387,3.404,3.826,353.456,8,490
3,63,354.460,0,15.326,NaN,5.912,360.373,0,490
3,64,361.375,0,2.997,3.014,5.582,366.957,8,498
3,65,367.960,0,11.356,NaN,5.734,373.694,0,498
3,66,374.697,0,5.100,NaN,3.988,378.684,0,498
3,67,379.687,0,5.073,NaN,4.469,384.156,0,498
3,68,385.158,0,5.503,5.527,5.675,390.833,8,506
3,69,391.834,0,9.527,NaN,5.035,396.869,0,506
3,70,397.873,0,3.260,3.284,3.712,401.585,8,514
3,71,402.588,0,3.516,3.538,3.871,406.459,8,522
3,72,407.461,0,4.156,4.168,4.621,412.082,8,530
3,73,413.083,0,1.698,1.714,2.298,415.380,8,538
3,74,416.382,0,3.705,3.717,4.053,420.435,8,546
3,75,421.439,0,12.198,NaN,4.271,425.710,0,546
3,76,426.714,0,12.580,NaN,3.622,430.336,0,546
3,77,431.337,0,10.082,NaN,7.282,438.619,0,546
3,78,439.623,0,10.843,NaN,6.495,446.118,0,546
3,79,447.120,0,9.999,NaN,7.417,454.538,0,546
3,80,455.540,0,10.846,NaN,10.242,465.782,0,546
3,81,466.786,0,9.443,NaN,5.708,472.494,0,546
3,82,473.496,0,1.895,1.913,2.697,476.193,8,554
3,83,477.196,0,5.407,5.416,6.083,483.278,-1,553
3,84,484.280,0,1.138,1.150,1.901,486.182,8,561
3,85,487.184,0,2.146,2.164,3.016,490.200,8,569
3,86,491.203,0,10.588,NaN,4.239,495.442,0,569
3,87,496.443,0,4.705,4.727,5.579,502.023,8,577
3,88,503.026,0,1.981,2.013,2.741,505.767,8,585
3,89,506.770,0,1.887,1.904,2.309,509.080,8,593
3,90,510.084,0,13.195,NaN,7.294,517.378,0,593
3,91,518.380,0,0.778,0.799,1.743,520.123,8,601
3,92,521.126,0,0.626,0.638,1.362,522.488,8,609
3,93,523.491,0,16.208,NaN,3.906,527.397,0,609
3,94,528.400,0,3.998,4.019,4.527,532.927,8,617
3,95,533.930,0,5.658,5.676,5.717,539.647,8,625
3,96,540.648,0,19.464,NaN,6.348,546.996,0,625
3,97,547.998,0,7.027,7.048,7.698,555.697,-1,624
3,98,556.698,0,2.540,2.550,3.469,560.168,8,632
3,99,561.170,0,5.023,5.048,5.986,567.157,-1,631
3,100,568.157,0,15.216,NaN,7.740,575.897,0,631
3,101,576.901,0,21.968,NaN,4.393,581.294,0,631
3,102,582.295,0,2.735,2.749,3.688,585.983,8,639
3,103,586.985,0,2.436,2.444,2.866,589.851,8,647
3,104,590.852,0,11.941,NaN,3.828,594.681,0,647
4,1,0.502,0,4.842,NaN,3.396,3.898,0,647
4,2,4.900,0,5.961,NaN,4.395,9.296,0,647
4,3,10.298,0,7.201,NaN,5.926,16.224,0,647
4,4,17.228,0,5.367,5.383,5.829,23.057,8,655
4,5,24.058,0,22.849,NaN,7.641,31.700,0,655
4,6,32.701,0,8.551,NaN,4.405,37.106,0,655
4,7,38.109,0,7.424,NaN,4.513,42.621,0,655
4,8,43.624,0,5.199,5.216,5.861,49.485,-1,654
4,9,50.488,0,0.506,0.536,1.467,51.955,-1,653
4,10,52.957,0,24.129,NaN,5.492,58.449,0,653
4,11,59.452,0,18.166,NaN,7.626,67.078,0,653
4,12,68.079,0,4.706,4.722,5.051,73.130,-1,652
4,13,74.131,0,17.360,NaN,6.142,80.273,0,652
4,14,81.275,0,12.674,NaN,2.964,84.239,0,652
4,15,85.241,0,10.982,NaN,5.531,90.772,0,652
4,16,91.776,0,13.344,NaN,4.929,96.705,0,652
4,17,97.708,0,13.100,NaN,7.080,104.789,0,652
4,18,105.792,0,2.769,2.792,3.227,109.020,-1,651
4,19,110.020,0,5.429,5.451,5.846,115.866,-1,650
4,20,116.869,0,1.483,1.503,1.877,118.746,-1,649
4,21,119.749,0,2.507,2.526,2.844,122.592,-1,648
4,22,123.595,0,11.523,NaN,6.726,130.321,0,648
4,23,131.322,0,1.494,1.507,2.233,133.556,-1,647
4,24,134.557,0,9.589,NaN,8.067,142.624,0,647
4,25,143.628,0,1.298,1.307,2.080,145.708,-1,646
4,26,146.710,0,14.394,NaN,7.321,154.031,0,646
4,27,155.035,0,4.955,4.974,5.541,160.576,-1,645
4,28,161.580,0,6.585,NaN,6.200,167.781,0,645
4,29,168.781,0,1.499,1.516,1.911,170.692,-1,644
4,30,171.694,0,1.096,1.121,1.535,173.229,-1,643
4,31,174.233,0,8.156,NaN,5.270,179.503,0,643
4,32,180.520,0,13.676,NaN,6.910,187.430,0,643
4,33,188.432,0,17.066,NaN,5.174,193.606,0,643
4,34,194.610,0,2.487,2.500,2.847,197.457,-1,642
4,35,198.459,0,16.701,NaN,4.790,203.248,0,642
4,36,204.252,0,9.451,NaN,8.883,213.136,0,642
4,37,214.138,0,6.585,NaN,6.210,220.349,0,642
4,38,221.350,0,2.403,2.422,3.289,224.639,-1,641
4,39,225.643,0,1.959,1.982,2.534,228.177,-1,640
4,40,229.178,0,0.985,0.997,1.476,230.654,-1,639
4,41,231.655,0,4.817,NaN,3.158,234.813,0,639
4,42,235.816,0,4.240,4.264,4.584,240.401,-1,638
4,43,241.403,0,1.952,1.962,2.282,243.685,-1,637
4,44,244.688,0,10.221,NaN,5.398,250.086,0,637
4,45,251.090,0,4.031,4.048,4.439,255.529,-1,636
4,46,256.531,0,10.033,NaN,8.670,265.202,0,636
4,47,266.205,0,14.144,NaN,4.237,270.443,0,636
4,48,271.446,0,4.249,4.268,5.203,276.649,8,644
4,49,277.652,0,2.214,2.230,2.613,280.266,-1,643
4,50,281.268,0,3.535,3.550,3.971,285.239,-1,642
4,51,286.240,0,8.708,NaN,4.516,290.756,0,642
4,52,291.757,0,19.414,NaN,5.905,297.661,0,642
4,53,298.662,0,0.941,0.963,1.560,300.222,-1,641
4,54,301.225,0,7.545,NaN,6.093,307.317,0,641
4,55,308.320,0,9.197,NaN,5.527,313.847,0,641
4,56,314.848,0,9.402,NaN,5.900,320.748,0,641
4,57,321.751,0,8.451,NaN,3.158,324.910,0,641
4,58,325.911,0,19.223,NaN,9.058,334.969,0,641
4,59,335.972,0,6.288,NaN,5.832,341.804,0,641
4,60,342.806,0,9.429,NaN,7.063,349.868,0,641
4,61,350.871,0,2.509,2.529,2.898,353.769,-1,640
4,62,354.770,0,5.072,NaN,4.149,358.920,0,640
4,63,359.923,0,9.772,NaN,8.937,368.861,0,640
4,64,369.863,0,6.091,6.115,6.601,376.464,-1,639
4,65,377.466,0,4.447,4.464,5.036,382.502,-1,638
4,66,383.517,1,12.026,NaN,4.768,388.285,0,638
4,67,389.289,0,5.730,5.748,6.065,395.355,-1,637
4,68,396.358,0,10.706,NaN,4.400,400.758,0,637
4,69,401.760,0,8.838,NaN,6.580,408.340,0,637
4,70,409.344,0,2.581,2.601,2.925,412.268,-1,636
4,71,413.272,0,3.319,3.342,3.686,416.958,-1,635
4,72,417.960,0,13.087,NaN,4.564,422.524,0,635
4,73,423.527,0,2.364,2.375,2.720,426.247,-1,634
4,74,427.251,0,16.718,NaN,5.403,432.653,0,634
4,75,433.658,0,15.375,NaN,4.483,438.140,0,634
4,76,439.145,0,7.666,NaN,4.920,444.065,0,634
4,77,445.066,0,3.146,3.163,3.561,448.627,-1,633
4,78,449.629,0,1.394,1.418,1.920,451.549,-1,632
4,79,452.552,0,5.531,NaN,4.672,457.224,0,632
4,80,458.226,0,13.628,NaN,5.895,464.121,0,632
4,81,465.123,0,1.395,1.415,1.975,467.098,-1,631
4,82,468.100,0,8.581,NaN,6.594,474.694,0,631
4,83,475.696,0,19.088,NaN,6.150,481.846,0,631
4,84,482.849,0,10.885,NaN,5.626,488.475,0,631
4,85,489.478,0,5.075,5.090,5.901,495.380,-1,630
4,86,496.382,0,1.102,1.121,1.986,498.367,-1,629
4,87,499.371,0,0.607,0.615,1.461,500.832,-1,628
4,88,501.835,0,3.372,3.388,4.273,506.108,-1,627
4,89,507.110,0,6.073,NaN,5.396,512.506,0,627
4,90,513.513,0,18.938,NaN,4.913,518.426,0,627
4,91,519.429,0,8.162,8.171,8.699,528.127,-1,626
4,92,529.130,0,6.967,6.990,7.122,536.252,-1,625
4,93,537.255,0,11.841,NaN,6.228,543.483,0,625
4,94,544.484,0,6.646,6.660,7.532,552.016,-1,624
4,95,553.020,0,2.272,2.293,3.071,556.091,-1,623
4,96,557.092,0,3.090,3.106,3.688,560.780,8,631
4,97,561.782,0,4.805,4.820,5.452,567.234,-1,630
4,98,568.240,0,23.907,NaN,6.834,575.073,0,630
4,99,576.076,0,2.800,2.815,3.236,579.312,-1,629
4,100,580.316,0,13.953,NaN,4.870,585.186,0,629
4,101,586.189,0,1.564,1.573,2.056,588.246,-1,628
4,102,589.248,0,6.454,6.468,6.948,596.195,-1,627
