1,1,0.501,0,13.358,NaN,7.641,8.142,0,0
1,2,9.144,0,1.738,1.761,2.211,11.356,8,8
1,3,12.359,0,6.633,6.650,7.088,19.448,-1,7
1,4,20.451,0,0.125,0.142,0.643,21.094,8,15
1,5,22.098,0,1.943,NaN,1.014,23.112,0,15
1,6,24.115,0,11.761,NaN,5.859,29.974,0,15
1,7,30.977,0,2.557,2.572,2.944,33.921,8,23
1,8,34.923,0,0.484,0.493,1.124,36.048,8,31
1,9,37.052,0,1.430,1.449,1.808,38.860,8,39
1,10,39.862,0,16.344,NaN,0.437,40.299,0,39
1,11,41.303,0,5.350,5.369,5.689,46.991,8,47
1,12,47.994,0,12.497,NaN,5.353,53.347,0,47
1,13,54.349,0,12.139,12.149,12.442,66.791,-1,46
1,14,67.792,0,7.135,7.160,7.473,75.265,-1,45
1,15,76.268,0,4.982,NaN,3.243,79.512,0,45
1,16,80.523,0,15.785,NaN,6.606,87.128,0,45
1,17,88.131,0,11.571,11.583,12.001,100.132,-1,44
1,18,101.134,0,15.056,NaN,5.277,106.411,0,44
1,19,107.415,0,16.446,NaN,7.707,115.122,0,44
1,20,116.125,0,8.169,NaN,5.413,121.538,0,44
1,21,122.540,0,13.184,NaN,11.895,134.435,0,44
1,22,135.436,0,6.744,6.765,7.177,142.612,8,52
1,23,143.613,0,7.117,7.125,7.541,151.154,8,60
1,24,152.155,0,5.086,5.103,5.521,157.676,8,68
1,25,158.678,0,6.564,6.583,6.933,165.611,-1,67
1,26,166.613,0,9.910,9.921,10.287,176.900,-1,66
1,27,177.902,0,15.086,NaN,7.020,184.922,0,66
1,28,185.924,0,1.364,1.381,1.861,187.785,8,74
1,29,188.788,0,3.442,3.453,3.897,192.685,8,82
1,30,193.688,0,1.929,1.938,2.322,196.011,8,90
1,31,197.014,0,8.187,NaN,5.963,202.977,0,90
1,32,203.978,0,1.775,1.786,2.144,206.122,8,98
1,33,207.125,0,14.034,NaN,9.954,217.079,0,98
1,34,218.080,0,8.747,NaN,8.117,226.196,0,98
1,35,227.198,0,5.650,NaN,5.647,232.845,0,98
1,36,233.847,0,2.372,2.381,2.773,236.620,8,106
1,37,237.622,0,2.321,2.341,2.723,240.346,8,114
1,38,241.348,0,4.050,4.068,4.477,245.825,8,122
1,39,246.827,0,5.847,5.859,6.327,253.154,8,130
1,40,254.158,0,5.107,5.115,5.558,259.716,-1,129
1,41,260.718,0,13.772,NaN,6.045,266.763,0,129
1,42,267.766,0,4.857,4.863,5.218,272.984,8,137
1,43,273.988,0,0.560,0.575,1.088,275.076,8,145
1,44,276.076,0,8.925,NaN,5.949,282.025,0,145
1,45,283.028,0,1.547,1.556,1.948,284.976,8,153
1,46,285.979,0,6.733,6.743,7.145,293.123,8,161
1,47,294.125,0,17.593,NaN,5.831,299.956,0,161
1,48,300.958,0,2.173,2.185,2.646,303.604,8,169
1,49,304.606,1,9.989,NaN,5.447,310.054,0,169
1,50,311.057,0,3.961,3.976,4.314,315.370,8,177
1,51,316.372,0,3.381,NaN,0.998,317.370,0,177
1,52,318.374,0,8.743,NaN,6.407,324.781,0,177
1,53,325.784,0,10.335,NaN,7.982,333.766,0,177
1,54,334.768,0,2.278,2.291,2.827,337.595,8,185
1,55,338.597,0,17.973,NaN,3.992,342.589,0,185
1,56,343.591,0,8.434,NaN,6.643,350.234,0,185
1,57,351.236,0,7.188,NaN,6.487,357.723,0,185
1,58,358.727,0,2.770,2.778,3.464,362.190,8,193
1,59,363.193,0,8.260,NaN,5.116,368.309,0,193
1,60,369.313,0,9.411,9.434,9.849,379.161,8,201
1,61,380.163,0,10.742,NaN,8.362,388.526,0,201
1,62,389.531,0,14.588,NaN,6.617,396.148,0,201
1,63,397.151,0,8.059,NaN,4.344,401.495,0,201
1,64,402.497,0,10.454,NaN,6.692,409.189,0,201
1,65,410.192,0,8.153,8.172,8.863,419.056,-1,200
1,66,420.058,0,19.571,NaN,6.807,426.866,0,200
1,67,427.868,0,10.789,NaN,6.953,434.821,0,200
1,68,435.824,0,11.846,NaN,6.901,442.725,0,200
1,69,443.728,0,3.941,NaN,0.420,444.148,0,200
1,70,445.149,0,12.815,NaN,5.530,450.679,0,200
1,71,451.682,0,1.445,1.466,1.984,453.666,8,208
1,72,454.669,0,6.287,6.299,6.688,461.357,-1,207
1,73,462.358,0,11.232,NaN,7.272,469.630,0,207
1,74,470.634,0,22.595,NaN,5.852,476.485,0,207
1,75,477.487,0,12.750,NaN,9.662,487.149,0,207
1,76,488.152,0,17.652,NaN,9.274,497.427,0,207
1,77,498.430,0,10.947,NaN,6.115,504.545,0,207
1,78,505.546,0,16.176,NaN,6.573,512.119,0,207
1,79,513.122,0,2.911,2.923,3.466,516.588,8,215
1,80,517.590,0,2.785,NaN,2.481,520.071,0,215
1,81,521.073,0,5.682,NaN,2.162,523.235,0,215
1,82,524.238,0,8.341,NaN,2.438,526.676,0,215
1,83,527.678,0,15.955,NaN,3.517,531.196,0,215
1,84,532.197,0,1.093,1.105,1.536,533.733,8,223
1,85,534.734,0,1.538,NaN,1.463,536.198,0,223
1,86,537.200,0,12.178,NaN,3.714,540.914,0,223
1,87,541.917,0,9.601,NaN,4.288,546.205,0,223
1,88,547.209,0,8.393,8.405,8.919,556.128,-1,222
1,89,557.129,0,12.020,NaN,3.237,560.366,0,222
1,90,561.367,0,12.536,NaN,3.278,564.645,0,222
1,91,565.648,0,2.766,2.788,3.273,568.921,8,230
1,92,569.924,0,12.797,NaN,3.574,573.499,0,230
1,93,574.501,0,7.509,NaN,3.749,578.249,0,230
1,94,579.251,0,8.705,NaN,3.649,582.901,0,230
1,95,583.903,0,9.741,NaN,5.144,589.047,0,230
1,96,590.048,0,12.660,NaN,4.139,594.187,0,230
2,1,0.502,0,7.044,7.068,7.483,7.985,8,238
2,2,8.987,0,1.203,1.217,2.234,11.221,-1,237
2,3,12.225,0,8.090,8.101,8.585,20.810,8,245
2,4,21.811,0,2.700,2.717,3.135,24.946,-1,244
2,5,25.948,0,2.931,2.948,3.483,29.431,-1,243
2,6,30.435,0,10.518,NaN,1.520,31.955,0,243
2,7,32.956,0,8.825,8.847,9.209,42.165,8,251
2,8,43.169,0,7.317,7.337,7.855,51.025,-1,250
2,9,52.028,0,0.150,0.163,0.937,52.965,-1,249
2,10,53.968,0,9.408,NaN,3.509,57.478,0,249
2,11,58.480,0,0.840,0.847,1.307,59.787,-1,248
2,12,60.790,0,26.148,NaN,0.798,61.587,0,248
2,13,62.589,0,8.477,8.494,8.922,71.512,-1,247
2,14,72.519,0,4.086,4.100,4.476,76.995,-1,246
2,15,78.000,1,9.044,9.058,9.431,87.431,8,254
2,16,88.432,0,15.035,NaN,2.202,90.634,0,254
2,17,91.636,0,13.005,NaN,12.110,103.746,0,254
2,18,104.748,0,11.443,11.456,12.287,117.035,8,262
2,19,118.037,0,15.032,NaN,11.275,129.312,0,262
2,20,130.314,0,9.186,9.201,9.857,140.171,8,270
2,21,141.173,0,4.681,NaN,1.072,142.245,0,270
2,22,143.247,0,4.773,4.789,5.272,148.519,-1,269
2,23,149.524,0,6.012,6.033,6.409,155.933,8,277
2,24,156.934,0,4.736,4.742,5.291,162.225,-1,276
2,25,163.227,0,21.021,NaN,8.950,172.177,0,276
2,26,173.179,0,1.946,1.954,2.403,175.582,-1,275
2,27,176.584,0,1.543,1.566,2.059,178.643,-1,274
2,28,179.646,0,0.865,NaN,0.354,180.000,0,274
2,29,181.002,0,13.274,13.289,13.891,194.893,8,282
2,30,195.895,0,1.599,1.615,2.206,198.101,-1,281
2,31,199.103,0,5.785,5.793,6.223,205.326,-1,280
2,32,206.329,0,5.918,5.938,6.365,212.693,8,288
2,33,213.698,0,9.177,9.190,9.557,223.255,-1,287
2,34,224.257,0,8.293,8.302,8.887,233.144,-1,286
2,35,234.147,0,16.503,16.538,16.956,251.103,8,294
2,36,252.105,0,1.642,1.664,2.183,254.289,-1,293
2,37,255.291,0,2.557,2.581,3.062,258.353,-1,292
2,38,259.357,0,27.286,27.295,27.663,287.020,8,300
2,39,288.020,0,7.909,7.919,8.358,296.378,8,308
2,40,297.381,0,4.112,4.128,4.568,301.948,8,316
2,41,302.950,0,11.466,11.481,11.924,314.874,8,324
2,42,315.877,0,5.784,5.808,6.249,322.125,8,332
2,43,323.127,0,17.191,17.200,17.677,340.805,8,340
2,44,341.808,0,4.023,4.038,4.523,346.331,-1,339
2,45,347.334,0,21.847,21.857,22.370,369.703,8,347
2,46,370.705,0,2.379,2.404,2.993,373.698,-1,346
2,47,374.699,0,14.464,14.485,14.947,389.645,-1,345
2,48,390.647,0,9.566,9.575,10.060,400.707,8,353
2,49,401.710,0,6.735,6.749,7.190,408.900,8,361
2,50,409.904,0,10.352,10.361,10.998,420.902,8,369
2,51,421.905,0,3.340,3.362,3.777,425.682,-1,368
2,52,426.684,0,12.363,NaN,4.238,430.922,0,368
2,53,431.924,0,9.112,9.117,9.560,441.485,8,376
2,54,442.488,0,11.449,11.460,11.919,454.407,8,384
2,55,455.410,0,8.173,8.192,8.574,463.984,-1,383
2,56,464.988,0,13.624,13.638,14.103,479.091,8,391
2,57,480.094,0,4.769,4.785,5.387,485.481,-1,390
2,58,486.483,0,2.436,2.448,2.897,489.381,-1,389
2,59,490.384,0,5.359,5.367,5.848,496.232,-1,388
2,60,497.234,0,1.194,1.202,1.622,498.856,-1,387
2,61,499.860,0,3.903,3.911,4.495,504.356,-1,386
2,62,505.358,0,12.776,12.787,13.201,518.559,8,394
2,63,519.561,0,2.006,2.035,3.229,522.791,-1,393
2,64,523.792,0,8.270,8.293,8.718,532.509,8,401
2,65,533.521,0,7.508,7.535,7.970,541.491,-1,400
2,66,542.495,0,16.730,16.736,17.172,559.667,8,408
2,67,560.669,0,14.911,14.920,15.271,575.940,8,416
2,68,576.943,0,0.772,0.780,1.340,578.283,-1,415
2,69,579.285,0,3.739,3.758,4.271,583.556,8,423
2,70,584.557,0,5.834,5.856,6.281,590.838,8,431
2,71,591.840,0,1.472,1.491,1.873,593.713,-1,430
2,72,594.716,0,14.020,NaN,4.945,599.661,0,430
3,1,0.502,0,18.866,18.873,19.241,19.744,-1,429
3,2,20.744,0,3.689,3.701,4.049,24.793,8,437
3,3,25.796,0,12.050,NaN,5.559,31.355,0,437
3,4,32.357,0,21.244,NaN,6.916,39.273,0,437
3,5,40.275,0,21.251,NaN,9.623,49.898,0,437
3,6,50.900,0,8.279,NaN,5.502,56.402,0,437
3,7,57.405,0,14.648,NaN,5.432,62.836,0,437
3,8,63.839,0,13.244,NaN,7.772,71.611,0,437
3,9,72.614,0,11.907,NaN,10.087,82.701,0,437
3,10,83.704,0,5.531,NaN,4.248,87.952,0,437
3,11,88.955,0,12.861,12.876,13.713,102.668,-1,436
3,12,103.671,0,4.720,4.730,5.233,108.904,8,444
3,13,109.908,0,3.239,3.246,3.696,113.604,8,452
3,14,114.606,0,11.251,NaN,4.775,119.381,0,452
3,15,120.384,0,0.085,0.106,0.602,120.986,8,460
3,16,121.990,0,19.411,NaN,4.346,126.336,0,460
3,17,127.341,0,10.055,NaN,5.868,133.209,0,460
3,18,134.212,0,3.060,3.070,3.479,137.691,8,468
3,19,138.692,0,3.006,3.025,3.451,142.143,8,476
3,20,143.145,0,4.858,NaN,4.113,147.258,0,476
3,21,148.260,0,9.530,NaN,3.870,152.130,0,476
3,22,153.133,0,13.677,NaN,3.803,156.936,0,476
3,23,157.938,0,0.314,0.337,0.813,158.751,8,484
3,24,159.754,0,3.680,NaN,3.528,163.281,0,484
3,25,164.283,0,4.596,NaN,3.223,167.506,0,484
3,26,168.516,0,5.247,NaN,3.915,172.431,0,484
3,27,173.434,0,9.086,NaN,4.070,177.504,0,484
3,28,178.520,0,4.217,4.233,4.652,183.172,8,492
3,29,184.175,0,1.898,1.913,2.417,186.591,8,500
3,30,187.594,0,8.928,NaN,4.988,192.583,0,500
3,31,193.585,0,8.670,NaN,5.011,198.595,0,500
3,32,199.597,0,8.343,NaN,4.518,204.115,0,500
3,33,205.117,0,17.245,NaN,6.430,211.547,0,500
3,34,212.549,0,2.087,2.103,2.488,215.037,8,508
3,35,216.040,0,6.174,NaN,5.993,222.033,0,508
3,36,223.033,0,4.165,NaN,3.812,226.846,0,508
3,37,227.846,0,2.449,2.463,2.897,230.744,8,516
3,38,231.746,0,12.467,NaN,3.834,235.581,0,516
3,39,236.584,0,8.098,NaN,4.829,241.413,0,516
3,40,242.414,0,18.443,NaN,5.138,247.552,0,516
3,41,248.554,0,6.935,NaN,5.241,253.794,0,516
3,42,254.797,0,2.432,2.441,2.944,257.741,8,524
3,43,258.744,0,6.567,NaN,5.745,264.489,0,524
3,44,265.491,0,5.308,5.320,5.729,271.220,8,532
3,45,272.222,0,14.162,NaN,4.800,277.023,0,532
3,46,278.026,0,10.163,NaN,5.439,283.465,0,532
3,47,284.466,0,10.039,NaN,5.103,289.568,0,532
3,48,290.572,0,16.155,NaN,4.969,295.542,0,532
3,49,296.544,0,0.168,0.180,0.677,297.221,8,540
3,50,298.222,0,14.516,NaN,3.663,301.885,0,540
3,51,302.888,0,8.576,NaN,5.444,308.332,0,540
3,52,309.333,0,5.843,NaN,5.472,314.805,0,540
3,53,315.809,0,0.582,0.591,1.104,316.913,8,548
3,54,317.914,0,10.264,NaN,2.462,320.376,0,548
3,55,321.377,0,1.229,1.243,1.644,323.021,8,556
3,56,324.025,0,1.033,1.046,1.480,325.505,8,564
3,57,326.524,0,6.941,NaN,2.924,329.449,0,564
3,58,330.451,0,3.883,NaN,2.848,333.299,0,564
3,59,334.301,0,20.462,NaN,2.796,337.097,0,564
3,60,338.098,0,11.396,NaN,3.294,341.392,0,564
3,61,342.394,0,2.307,2.319,2.707,345.101,8,572
3,62,346.103,0,0.609,0.628,1.069,347.172,8,580
3,63,348.174,0,2.876,2.909,2.993,351.167,8,588
3,64,352.171,0,17.173,NaN,3.977,356.148,0,588
3,65,357.151,0,10.274,NaN,3.828,360.979,0,588
3,66,361.982,0,6.038,NaN,3.552,365.534,0,588
3,67,366.535,0,11.989,NaN,2.792,369.327,0,588
3,68,370.330,0,2.412,2.430,2.806,373.136,8,596
3,69,374.140,0,2.149,2.172,2.523,376.663,8,604
3,70,377.665,0,0.600,0.614,1.032,378.698,8,612
3,71,379.701,0,4.765,NaN,3.611,383.311,0,612
3,72,384.314,0,13.826,NaN,5.168,389.482,0,612
3,73,390.486,0,25.440,NaN,3.244,393.730,0,612
3,74,394.734,0,14.759,NaN,3.639,398.373,0,612
3,75,399.377,0,6.092,NaN,5.972,405.350,0,612
3,76,406.352,0,1.410,1.425,2.079,408.431,8,620
3,77,409.433,0,2.076,2.095,2.474,411.907,8,628
3,78,412.911,0,3.499,3.520,3.850,416.761,8,636
3,79,417.763,0,1.463,1.485,1.858,419.621,8,644
3,80,420.623,0,8.341,NaN,5.075,425.697,0,644
3,81,426.698,0,5.398,NaN,3.679,430.378,0,644
3,82,431.379,0,3.568,NaN,3.395,434.774,0,644
3,83,435.777,0,3.910,3.931,4.224,440.002,8,652
3,84,441.010,0,9.640,NaN,4.519,445.529,0,652
3,85,446.532,0,7.795,NaN,4.123,450.655,0,652
3,86,451.657,0,1.374,1.391,1.932,453.589,8,660
3,87,454.591,0,16.239,NaN,3.702,458.293,0,660
3,88,459.294,0,4.704,NaN,3.805,463.099,0,660
3,89,464.101,0,3.182,3.203,3.602,467.703,8,668
3,90,468.705,0,18.881,NaN,5.112,473.818,0,668
3,91,474.822,0,4.784,NaN,4.606,479.428,0,668
3,92,480.430,0,13.776,NaN,3.988,484.418,0,668
3,93,485.420,0,10.384,NaN,3.680,489.100,0,668
3,94,490.102,0,16.800,NaN,4.469,494.571,0,668
3,95,495.575,0,29.223,NaN,3.780,499.355,0,668
3,96,500.358,0,2.321,2.330,2.765,503.123,8,676
3,97,504.126,0,11.606,NaN,3.201,507.326,0,676
3,98,508.329,0,17.543,NaN,3.648,511.977,0,676
3,99,512.982,0,1.363,1.379,1.851,514.833,8,684
3,100,515.836,0,5.758,NaN,3.534,519.369,0,684
3,101,520.372,0,11.336,NaN,2.510,522.882,0,684
3,102,523.885,0,1.893,1.914,2.540,526.425,8,692
3,103,527.426,0,11.549,NaN,3.972,531.398,0,692
3,104,532.401,0,12.126,NaN,3.449,535.850,0,692
3,105,536.851,0,6.498,NaN,4.371,541.222,0,692
3,106,542.224,0,16.799,NaN,3.328,545.551,0,692
3,107,546.552,0,8.845,NaN,4.599,551.151,0,692
3,108,552.154,0,12.479,NaN,4.453,556.607,0,692
3,109,557.609,0,3.623,3.641,4.028,561.636,8,700
3,110,562.641,0,23.716,NaN,5.646,568.287,0,700
3,111,569.292,0,9.196,9.216,9.617,578.908,-1,699
3,112,579.912,0,4.433,NaN,3.734,583.646,0,699
3,113,584.648,0,14.065,NaN,3.746,588.394,0,699
3,114,589.398,0,0.795,0.815,1.270,590.668,8,707
3,115,591.672,0,0.204,0.226,0.760,592.432,8,715
3,116,593.434,0,9.537,NaN,2.902,596.336,0,715
3,117,597.340,0,6.093,NaN,2.427,599.767,0,715
4,1,0.500,0,9.572,9.588,10.295,10.796,8,723
4,2,11.799,0,8.930,8.944,9.396,21.195,8,731
4,3,22.197,0,20.216,20.240,20.695,42.892,8,739
4,4,43.896,0,11.150,11.163,11.785,55.681,8,747
4,5,56.684,0,1.960,1.977,2.407,59.092,-1,746
4,6,60.093,0,21.377,21.412,21.856,81.949,8,754
4,7,82.951,0,1.101,1.122,1.654,84.606,-1,753
4,8,85.609,0,5.006,5.034,5.450,91.059,-1,752
4,9,92.063,0,10.377,10.402,10.823,102.886,8,760
4,10,103.889,0,5.663,5.680,6.105,109.993,-1,759
4,11,110.996,0,13.102,13.113,13.498,124.494,8,767
4,12,125.498,0,1.342,1.362,5.230,130.729,-1,766
4,13,131.730,0,5.973,5.985,6.357,138.087,8,774
4,14,139.090,0,12.418,12.431,12.933,152.023,8,782
4,15,153.027,0,2.909,2.930,3.372,156.399,-1,781
4,16,157.402,0,3.406,3.424,3.836,161.238,-1,780
4,17,162.240,0,19.076,NaN,14.213,176.453,0,780
4,18,177.455,0,15.260,15.286,15.637,193.093,8,788
4,19,194.094,0,12.430,12.454,12.922,207.016,8,796
4,20,208.020,0,11.273,11.284,11.659,219.679,8,804
4,21,220.682,0,13.359,13.379,13.764,234.446,8,812
4,22,235.447,0,6.405,6.418,6.872,242.319,8,820
4,23,243.321,0,9.720,9.732,11.154,254.475,8,828
4,24,255.478,0,3.890,3.911,4.607,260.085,8,836
4,25,261.091,0,4.899,4.918,5.297,266.388,-1,835
4,26,267.391,0,6.612,6.638,7.070,274.461,-1,834
4,27,275.462,0,6.786,6.805,7.311,282.773,-1,833
4,28,283.775,0,19.357,19.368,19.733,303.508,8,841
4,29,304.512,0,9.154,9.170,9.587,314.099,-1,840
4,30,315.103,0,11.223,11.235,11.637,326.739,8,848
4,31,327.742,0,1.056,1.064,1.482,329.224,-1,847
4,32,330.226,0,9.485,9.501,9.915,340.142,8,855
4,33,341.146,0,4.956,4.968,5.520,346.665,-1,854
4,34,347.668,0,5.170,5.183,5.610,353.278,-1,853
4,35,354.281,0,3.194,3.205,3.674,357.955,-1,852
4,36,358.958,0,4.858,4.864,5.633,364.591,8,860
4,37,365.593,0,3.141,3.148,3.715,369.309,8,868
4,38,370.312,0,0.998,1.014,3.616,373.928,-1,867
4,39,374.931,0,2.382,2.414,3.041,377.972,-1,866
4,40,378.974,0,8.737,8.760,9.148,388.122,8,874
4,41,389.123,0,8.092,8.115,8.516,397.640,8,882
4,42,398.641,0,3.085,3.099,5.678,404.319,-1,881
4,43,405.320,0,2.747,2.756,3.212,408.532,-1,880
4,44,409.534,0,11.653,11.665,12.027,421.561,8,888
4,45,422.563,0,5.069,5.090,5.461,428.024,-1,887
4,46,429.028,0,13.324,13.332,13.849,442.877,8,895
4,47,443.881,0,14.174,14.186,14.718,458.599,8,903
4,48,459.601,0,5.533,5.553,5.921,465.522,-1,902
4,49,466.524,0,1.679,1.698,2.124,468.647,-1,901
4,50,469.649,0,17.487,17.498,17.902,487.552,8,909
4,51,488.555,0,2.878,2.911,3.556,492.111,-1,908
4,52,493.113,0,5.914,5.923,6.292,499.405,-1,907
4,53,500.410,0,5.468,5.480,5.925,506.335,8,915
4,54,507.336,0,5.766,5.790,6.249,513.585,-1,914
4,55,514.588,0,4.911,4.925,5.393,519.981,-1,913
4,56,520.984,0,1.519,1.530,2.044,523.028,-1,912
4,57,524.031,0,5.442,5.453,5.873,529.904,-1,911
4,58,530.906,0,2.656,2.663,3.151,534.058,-1,910
4,59,535.061,0,1.025,1.043,1.454,536.516,-1,909
4,60,537.523,0,13.997,14.005,14.403,551.926,8,917
4,61,552.927,0,17.825,17.844,18.262,571.189,8,925
4,62,572.191,0,8.260,8.284,8.719,580.910,8,933
