1,1,0.501,0,7.726,7.736,7.978,8.478,-1,-1
1,2,9.483,0,4.676,4.691,4.919,14.402,8,7
1,3,15.405,0,5.431,5.455,5.715,21.120,8,15
1,4,22.121,0,8.451,8.460,8.674,30.795,-1,14
1,5,31.797,0,10.933,10.957,11.200,42.997,-1,13
1,6,44.000,0,2.304,2.322,2.773,46.773,8,21
1,7,47.776,0,1.637,1.664,2.076,49.852,8,29
1,8,50.854,0,6.744,6.757,7.172,58.026,8,37
1,9,59.027,0,3.780,3.802,4.113,63.140,8,45
1,10,64.144,0,7.222,NaN,7.071,71.215,0,45
1,11,72.218,0,22.776,NaN,8.298,80.516,0,45
1,12,81.524,0,18.991,NaN,14.703,96.227,0,45
1,13,97.230,0,13.774,13.789,14.090,111.320,-1,44
1,14,112.323,0,10.546,10.569,11.033,123.355,-1,43
1,15,124.356,0,5.045,5.055,5.408,129.764,8,51
1,16,130.768,0,1.120,1.128,1.447,132.215,8,59
1,17,133.216,0,8.879,8.901,9.222,142.439,-1,58
1,18,143.440,0,6.674,6.697,6.933,150.373,-1,57
1,19,151.375,0,0.697,0.713,1.148,152.523,8,65
1,20,153.526,0,15.617,15.637,15.895,169.421,-1,64
1,21,170.424,0,3.569,3.591,3.869,174.293,8,72
1,22,175.295,0,3.390,3.406,3.724,179.019,8,80
1,23,180.023,0,19.388,NaN,3.445,183.469,0,80
1,24,184.471,0,0.712,0.733,1.077,185.548,8,88
1,25,186.552,0,3.263,3.288,3.744,190.296,8,96
1,26,191.298,0,11.908,NaN,10.265,201.563,0,96
1,27,202.564,0,2.104,2.116,2.397,204.961,8,104
1,28,205.965,0,2.309,2.317,2.562,208.527,8,112
1,29,209.531,0,3.981,4.003,4.397,213.928,8,120
1,30,214.931,0,2.744,2.756,3.034,217.964,8,128
1,31,218.965,0,17.946,NaN,7.043,226.008,0,128
1,32,227.009,0,8.331,NaN,7.062,234.070,0,128
1,33,235.071,0,7.776,7.794,8.103,243.174,-1,127
1,34,244.177,0,9.984,NaN,6.152,250.330,0,127
1,35,251.332,0,1.641,1.654,1.945,253.277,8,135
1,36,254.279,0,6.084,6.094,6.365,260.644,-1,134
1,37,261.648,0,14.502,NaN,5.682,267.330,0,134
1,38,268.332,0,0.655,0.662,0.980,269.312,8,142
1,39,270.314,0,5.361,5.383,5.742,276.057,8,150
1,40,277.060,0,10.507,NaN,7.143,284.203,0,150
1,41,285.204,0,16.409,NaN,6.672,291.876,0,150
1,42,292.879,0,8.839,8.847,9.155,302.034,-1,149
1,43,303.036,0,7.928,NaN,7.026,310.062,0,149
1,44,311.064,0,0.185,0.200,0.717,311.781,8,157
1,45,312.784,0,13.069,NaN,7.426,320.210,0,157
1,46,321.212,0,4.272,4.292,4.570,325.782,8,165
1,47,326.784,0,13.160,NaN,6.567,333.351,0,165
1,48,334.355,0,16.127,NaN,7.716,342.071,0,165
1,49,343.072,0,2.128,2.158,2.558,345.630,8,173
1,50,346.632,0,9.464,NaN,7.457,354.089,0,173
1,51,355.092,0,11.485,NaN,6.930,362.023,0,173
1,52,363.027,0,7.842,7.849,8.177,371.204,-1,172
1,53,372.207,1,2.963,2.971,3.292,375.499,8,180
1,54,376.501,0,16.219,NaN,7.516,384.017,0,180
1,55,385.020,0,5.747,5.765,6.118,391.139,8,188
1,56,392.142,0,3.200,3.212,3.674,395.816,8,196
1,57,396.818,0,6.093,6.106,6.418,403.236,-1,195
1,58,404.239,0,6.629,6.656,6.966,411.205,8,203
1,59,412.209,0,14.044,NaN,7.857,420.066,0,203
1,60,421.066,0,7.799,NaN,7.089,428.156,0,203
1,61,429.158,0,21.023,NaN,8.052,437.209,0,203
1,62,438.212,0,5.510,5.531,5.891,444.103,8,211
1,63,445.105,0,5.189,5.208,5.718,450.824,-1,210
1,64,451.826,0,1.844,1.855,2.224,454.050,8,218
1,65,455.054,0,1.284,1.296,1.618,456.672,8,226
1,66,457.676,0,27.011,NaN,7.412,465.088,0,226
1,67,466.090,0,2.439,2.448,2.767,468.857,8,234
1,68,469.860,0,3.520,3.531,3.838,473.698,-1,233
1,69,474.699,0,20.230,NaN,8.329,483.028,0,233
1,70,484.029,0,9.031,NaN,7.167,491.196,0,233
1,71,492.198,0,15.526,NaN,6.833,499.031,0,233
1,72,500.034,0,1.191,1.204,1.645,501.679,8,241
1,73,502.682,0,11.824,NaN,7.453,510.136,0,241
1,74,511.137,0,12.159,NaN,7.187,518.324,0,241
1,75,519.326,0,11.253,NaN,8.008,527.334,0,241
1,76,528.337,0,3.897,3.915,4.252,532.590,8,249
1,77,533.593,0,16.544,NaN,7.093,540.685,0,249
1,78,541.689,0,6.656,6.670,6.981,548.670,-1,248
1,79,549.673,0,11.412,NaN,8.509,558.182,0,248
1,80,559.184,0,2.173,2.182,2.607,561.791,8,256
1,81,562.794,0,25.485,NaN,6.909,569.703,0,256
1,82,570.704,0,7.714,NaN,7.298,578.002,0,256
1,83,579.009,0,8.274,NaN,7.020,586.029,0,256
1,84,587.032,0,9.953,NaN,6.798,593.831,0,256
1,85,594.834,0,13.590,NaN,5.151,599.985,0,256
2,1,0.502,0,19.568,19.590,19.924,20.426,8,264
2,2,21.427,0,5.512,5.535,5.867,27.294,-1,263
2,3,28.298,0,7.899,7.918,8.386,36.685,-1,262
2,4,37.687,0,2.982,2.999,3.520,41.207,-1,261
2,5,42.211,0,2.496,2.510,2.997,45.208,-1,260
2,6,46.210,0,4.502,4.531,4.859,51.069,8,268
2,7,52.071,0,2.612,2.621,3.108,55.179,-1,267
2,8,56.182,0,4.611,4.629,4.958,61.141,-1,266
2,9,62.142,0,7.543,7.557,7.892,70.034,-1,265
2,10,71.037,0,1.588,1.597,1.928,72.965,-1,264
2,11,73.967,0,13.269,13.290,13.642,87.609,8,272
2,12,88.610,0,21.007,NaN,0.948,89.559,0,272
2,13,90.559,0,10.658,NaN,1.067,91.626,0,272
2,14,92.629,0,11.698,11.720,12.272,104.901,8,280
2,15,105.903,0,10.909,10.919,11.207,117.109,8,288
2,16,118.111,0,26.165,26.174,26.460,144.571,8,296
2,17,145.571,0,15.905,15.921,16.252,161.823,8,304
2,18,162.824,0,3.327,3.337,3.639,166.463,-1,303
2,19,167.465,1,9.595,NaN,0.244,167.709,0,303
2,20,168.710,0,2.351,2.370,2.772,171.482,-1,302
2,21,172.482,0,5.737,5.752,6.216,178.698,-1,301
2,22,179.700,0,8.631,8.656,9.032,188.731,8,309
2,23,189.733,0,10.831,10.845,11.156,200.889,8,317
2,24,201.892,0,0.338,0.353,0.685,202.577,-1,316
2,25,203.578,0,22.543,NaN,0.315,203.894,0,316
2,26,204.897,0,0.573,NaN,0.268,205.165,0,316
2,27,206.166,0,4.211,4.233,4.581,210.747,-1,315
2,28,211.751,1,12.417,12.438,12.935,224.686,8,323
2,29,225.689,0,6.332,6.338,6.662,232.350,-1,322
2,30,233.353,0,14.035,14.047,14.399,247.752,8,330
2,31,248.753,0,12.586,12.604,12.988,261.741,8,338
2,32,262.745,0,0.913,0.930,1.182,263.927,-1,337
2,33,264.930,0,5.452,NaN,0.242,265.171,0,337
2,34,266.175,0,4.425,NaN,0.239,266.414,0,337
2,35,267.418,0,2.328,2.343,2.699,270.116,-1,336
2,36,271.119,0,1.270,1.293,1.580,272.699,-1,335
2,37,273.702,0,1.006,1.028,1.340,275.041,-1,334
2,38,276.044,0,6.881,6.906,7.214,283.258,8,342
2,39,284.263,0,5.104,5.124,5.392,289.655,8,350
2,40,290.655,0,13.702,13.722,14.035,304.691,8,358
2,41,305.693,0,7.630,7.655,8.023,313.716,8,366
2,42,314.717,0,16.005,16.039,16.439,331.156,8,374
2,43,332.159,0,6.769,6.784,7.362,339.521,8,382
2,44,340.523,0,0.566,0.588,0.822,341.346,-1,381
2,45,342.349,0,2.172,NaN,0.311,342.660,0,381
2,46,343.663,0,12.027,NaN,0.295,343.958,0,381
2,47,344.960,0,4.364,NaN,0.429,345.390,0,381
2,48,346.391,0,0.888,0.906,1.234,347.625,-1,380
2,49,348.628,0,8.684,8.708,9.352,357.979,8,388
2,50,358.982,0,17.202,17.213,17.497,376.479,-1,387
2,51,377.482,0,15.299,NaN,10.799,388.281,0,387
2,52,389.284,0,4.132,4.152,4.581,393.865,-1,386
2,53,394.867,0,10.153,10.175,10.454,405.321,8,394
2,54,406.323,0,4.077,4.088,4.418,410.742,-1,393
2,55,411.744,0,4.853,4.870,5.185,416.929,-1,392
2,56,417.932,0,7.849,7.869,8.215,426.147,8,400
2,57,427.151,0,11.494,11.506,11.808,438.960,-1,399
2,58,439.964,0,5.399,5.414,5.804,445.767,8,407
2,59,446.771,0,4.920,4.943,5.261,452.032,-1,406
2,60,453.035,0,15.778,15.803,16.243,469.278,8,414
2,61,470.279,0,13.972,13.983,14.403,484.682,8,422
2,62,485.684,0,2.122,2.130,2.420,488.104,-1,421
2,63,489.106,0,18.496,NaN,0.430,489.536,0,421
2,64,490.540,0,8.587,NaN,0.277,490.816,0,421
2,65,491.818,0,9.460,9.469,9.861,501.679,8,429
2,66,502.681,0,7.946,7.961,8.559,511.240,8,437
2,67,512.241,0,10.463,10.473,10.891,523.132,8,445
2,68,524.135,0,6.180,6.199,6.530,530.665,-1,444
2,69,531.668,0,5.877,NaN,0.233,531.902,0,444
2,70,532.904,0,7.851,NaN,0.080,532.984,0,444
2,71,533.986,0,3.856,3.868,4.362,538.349,-1,443
2,72,539.351,0,4.008,4.039,4.370,543.721,-1,442
2,73,544.723,0,1.718,1.735,2.294,547.017,-1,441
2,74,548.019,0,11.031,11.045,11.316,559.336,-1,440
2,75,560.337,0,2.834,2.846,3.247,563.585,-1,439
2,76,564.587,0,0.655,0.663,1.152,565.739,-1,438
2,77,566.741,0,8.838,8.848,9.186,575.927,8,446
2,78,576.931,0,11.968,11.981,12.248,589.180,8,454
2,79,590.184,0,14.925,NaN,9.374,599.558,0,454
3,1,0.501,0,4.983,5.002,5.355,5.856,8,462
3,2,6.858,0,9.356,9.367,9.730,16.588,-1,461
3,3,17.590,0,15.429,15.442,15.760,33.350,-1,460
3,4,34.353,0,17.870,NaN,16.639,50.992,0,460
3,5,51.995,0,0.946,0.963,1.309,53.304,8,468
3,6,54.306,0,3.133,3.154,3.586,57.892,8,476
3,7,58.893,0,5.579,5.587,5.952,64.845,-1,475
3,8,65.848,0,8.028,NaN,7.583,73.431,0,475
3,9,74.433,0,14.784,NaN,9.623,84.056,0,475
3,10,85.059,0,7.072,7.085,7.118,92.177,-1,474
3,11,93.177,1,17.371,NaN,6.788,99.966,0,474
3,12,100.969,0,6.996,7.016,7.568,108.537,-1,473
3,13,109.539,0,4.527,4.548,4.910,114.449,8,481
3,14,115.451,0,3.371,3.389,3.894,119.345,8,489
3,15,120.348,0,6.040,6.062,6.522,126.870,-1,488
3,16,127.873,0,2.149,2.171,2.523,130.396,8,496
3,17,131.397,0,12.285,NaN,5.996,137.394,0,496
3,18,138.398,0,1.828,1.835,2.204,140.602,8,504
3,19,141.605,0,1.919,1.929,2.313,143.918,8,512
3,20,144.920,0,8.848,NaN,7.242,152.162,0,512
3,21,153.165,0,5.323,5.343,5.720,158.885,8,520
3,22,159.888,0,18.895,NaN,7.143,167.030,0,520
3,23,168.033,0,4.791,4.815,5.150,173.183,8,528
3,24,174.187,0,8.197,NaN,7.833,182.021,0,528
3,25,183.025,0,5.771,5.781,6.152,189.177,-1,527
3,26,190.181,0,9.508,NaN,7.811,197.992,0,527
3,27,198.996,0,9.697,NaN,7.350,206.346,0,527
3,28,207.347,0,9.256,NaN,8.673,216.020,0,527
3,29,217.024,0,1.811,1.830,2.279,219.303,8,535
3,30,220.304,0,5.867,5.886,6.208,226.512,-1,534
3,31,227.516,0,0.449,0.459,0.945,228.461,8,542
3,32,229.462,0,19.247,NaN,7.372,236.834,0,542
3,33,237.834,0,14.416,NaN,7.133,244.967,0,542
3,34,245.970,0,9.826,NaN,7.100,253.071,0,542
3,35,254.073,0,1.227,1.248,1.676,255.749,8,550
3,36,256.751,0,4.703,4.723,5.083,261.834,8,558
3,37,262.835,0,1.325,1.340,1.708,264.544,8,566
3,38,265.545,0,9.074,NaN,6.560,272.105,0,566
3,39,273.107,0,2.285,2.307,2.667,275.773,8,574
3,40,276.775,0,5.525,5.542,5.908,282.683,8,582
3,41,283.687,0,10.420,NaN,7.578,291.265,0,582
3,42,292.267,0,13.501,NaN,6.825,299.092,0,582
3,43,300.097,0,7.599,NaN,6.953,307.050,0,582
3,44,308.053,0,7.471,NaN,7.347,315.400,0,582
3,45,316.402,0,15.758,NaN,7.705,324.107,0,582
3,46,325.111,0,10.981,NaN,7.460,332.571,0,582
3,47,333.573,0,7.495,7.505,7.876,341.449,-1,581
3,48,342.450,0,5.584,5.598,5.978,348.428,8,589
3,49,349.431,0,12.250,NaN,8.030,357.461,0,589
3,50,358.463,0,12.242,NaN,7.660,366.123,0,589
3,51,367.125,0,2.463,2.483,2.838,369.963,8,597
3,52,370.968,0,10.814,NaN,7.851,378.818,0,597
3,53,379.821,0,4.040,4.061,4.406,384.227,8,605
3,54,385.229,0,13.936,NaN,9.096,394.325,0,605
3,55,395.328,0,4.043,4.061,4.452,399.780,8,613
3,56,400.782,0,2.419,2.443,2.844,403.625,8,621
3,57,404.628,0,2.966,2.982,3.566,408.193,8,629
3,58,409.194,0,0.440,0.450,1.024,410.219,8,637
3,59,411.222,0,12.159,NaN,6.989,418.211,0,637
3,60,419.214,0,18.332,NaN,6.850,426.064,0,637
3,61,427.067,0,7.314,NaN,6.894,433.960,0,637
3,62,434.961,0,3.237,3.246,3.626,438.588,8,645
3,63,439.592,0,16.253,NaN,7.375,446.967,0,645
3,64,447.969,0,3.244,3.261,3.595,451.564,8,653
3,65,452.567,0,3.567,3.582,4.119,456.687,8,661
3,66,457.690,0,21.340,NaN,7.264,464.955,0,661
3,67,465.957,0,10.929,NaN,8.249,474.206,0,661
3,68,475.208,0,4.305,4.319,4.680,479.888,-1,660
3,69,480.892,0,0.911,0.920,1.278,482.170,8,668
3,70,483.172,0,7.891,NaN,7.012,490.183,0,668
3,71,491.186,0,2.195,2.215,2.531,493.716,8,676
3,72,494.719,0,12.956,NaN,7.333,502.052,0,676
3,73,503.055,0,12.221,NaN,7.340,510.395,0,676
3,74,511.397,0,2.144,2.163,2.486,513.882,8,684
3,75,514.885,0,12.568,NaN,7.147,522.032,0,684
3,76,523.035,0,5.554,5.565,5.883,528.918,8,692
3,77,529.920,0,3.450,3.466,3.805,533.725,8,700
3,78,534.727,0,1.812,1.827,2.148,536.876,8,708
3,79,537.877,0,19.558,NaN,7.080,544.957,0,708
3,80,545.960,0,12.168,NaN,7.057,553.017,0,708
3,81,554.021,0,17.656,NaN,7.157,561.177,0,708
3,82,562.181,0,1.470,1.486,1.938,564.119,8,716
3,83,565.123,0,1.785,1.796,2.163,567.286,8,724
3,84,568.288,0,10.506,NaN,6.084,574.372,0,724
3,85,575.375,0,9.689,NaN,5.984,581.358,0,724
3,86,582.361,0,0.844,0.866,1.277,583.637,8,732
3,87,584.641,0,14.593,NaN,5.303,589.944,0,732
3,88,590.947,0,1.868,1.884,2.147,593.094,8,740
3,89,594.096,0,2.085,2.103,2.456,596.552,8,748
3,90,597.555,0,17.640,NaN,1.175,598.730,0,748
4,1,0.501,0,1.908,1.917,2.218,2.718,-1,747
4,2,3.721,1,9.449,NaN,6.388,10.108,0,747
4,3,11.109,0,8.794,NaN,6.959,18.068,0,747
4,4,19.071,0,12.005,12.027,12.302,31.373,8,755
4,5,32.377,0,15.536,NaN,10.870,43.247,0,755
4,6,44.250,0,9.543,9.558,9.910,54.160,8,763
4,7,55.163,0,5.412,5.432,5.731,60.894,-1,762
4,8,61.897,0,15.425,NaN,7.721,69.618,0,762
4,9,70.620,0,2.298,2.314,2.676,73.296,-1,761
4,10,74.300,0,3.321,3.337,3.799,78.098,-1,760
4,11,79.102,0,4.592,4.604,5.078,84.180,-1,759
4,12,85.184,0,12.438,12.446,12.803,97.987,8,767
4,13,98.989,0,1.044,1.058,1.540,100.530,-1,766
4,14,101.532,0,8.053,NaN,7.488,109.019,0,766
4,15,110.023,0,14.003,14.035,14.420,124.443,8,774
4,16,125.445,0,4.690,4.699,5.045,130.490,-1,773
4,17,131.494,0,8.426,8.439,8.774,140.268,8,781
4,18,141.271,0,3.003,3.031,3.399,144.670,8,789
4,19,145.672,0,1.914,1.931,2.315,147.987,-1,788
4,20,148.989,0,15.170,NaN,11.929,160.919,0,788
4,21,161.922,0,6.627,6.658,6.988,168.909,-1,787
4,22,169.912,0,7.340,7.355,7.794,177.705,-1,786
4,23,178.707,0,9.816,9.832,10.160,188.867,8,794
4,24,189.871,0,2.172,2.187,2.775,192.646,-1,793
4,25,193.648,0,8.963,8.981,9.246,202.895,-1,792
4,26,203.897,0,3.413,3.435,3.872,207.768,-1,791
4,27,208.771,0,20.664,20.688,20.899,229.670,8,799
4,28,230.672,0,17.490,17.512,17.794,248.466,8,807
4,29,249.467,0,3.768,3.786,4.072,253.539,-1,806
4,30,254.541,0,2.254,2.281,2.559,257.100,-1,805
4,31,258.103,0,9.285,9.307,9.615,267.718,8,813
4,32,268.720,0,23.215,23.234,23.571,292.291,8,821
4,33,293.294,0,1.022,1.029,1.514,294.807,-1,820
4,34,295.811,0,7.429,7.449,7.848,303.659,8,828
4,35,304.662,0,5.338,5.351,5.704,310.366,-1,827
4,36,311.368,0,6.222,6.233,6.544,317.912,-1,826
4,37,318.916,0,5.627,5.654,5.962,324.878,8,834
4,38,325.880,0,3.269,3.276,3.651,329.531,-1,833
4,39,330.531,0,1.698,1.709,2.063,332.595,-1,832
4,40,333.598,0,11.760,11.782,12.124,345.722,8,840
4,41,346.725,0,2.278,2.307,2.642,349.367,-1,839
4,42,350.367,0,16.442,16.456,16.775,367.142,8,847
4,43,368.144,0,14.690,14.704,15.114,383.259,8,855
4,44,384.262,0,9.289,9.307,9.671,393.934,8,863
4,45,394.934,0,7.084,7.090,7.474,402.408,8,871
4,46,403.408,0,13.415,13.439,13.796,417.204,8,879
4,47,418.209,0,6.963,6.976,7.261,425.469,-1,878
4,48,426.472,0,1.598,1.614,2.035,428.507,-1,877
4,49,429.522,0,2.685,2.699,2.976,432.499,-1,876
4,50,433.500,0,6.686,6.709,7.041,440.541,8,884
4,51,441.544,0,9.801,9.820,10.160,451.704,8,892
4,52,452.705,0,0.438,0.459,0.836,453.542,-1,891
4,53,454.546,0,4.208,4.221,4.502,459.048,-1,890
4,54,460.051,0,8.538,8.554,8.893,468.944,8,898
4,55,469.947,0,4.673,4.694,5.072,475.019,-1,897
4,56,476.021,1,1.711,1.722,2.023,478.044,-1,896
4,57,479.047,0,1.122,1.130,1.469,480.516,-1,895
4,58,481.521,0,10.903,10.913,11.179,492.699,-1,894
4,59,493.702,0,2.315,2.333,2.708,496.410,-1,893
4,60,497.414,0,12.190,12.211,12.523,509.937,8,901
4,61,510.940,0,8.252,8.289,8.583,519.523,8,909
4,62,520.526,0,7.362,7.374,7.692,528.218,-1,908
4,63,529.221,0,8.516,8.534,8.845,538.066,8,916
4,64,539.070,0,6.652,6.672,6.921,545.990,-1,915
4,65,546.991,0,3.040,3.053,3.404,550.395,-1,914
4,66,551.398,0,9.539,9.551,9.895,561.293,8,922
4,67,562.295,0,8.756,8.776,9.045,571.339,8,930
4,68,572.342,0,1.568,1.580,2.116,574.457,-1,929
4,69,575.460,0,1.415,1.430,1.719,577.178,-1,928
4,70,578.183,0,3.347,3.359,3.741,581.924,-1,927
4,71,582.924,0,3.884,3.904,4.195,587.119,-1,926
4,72,588.121,0,4.614,4.627,4.970,593.091,-1,925
