1,1,0.501,0,19.529,19.542,21.957,22.458,-1,-1
1,2,23.461,0,6.053,NaN,1.538,24.999,0,-1
1,3,26.001,0,10.784,10.800,11.240,37.241,8,7
1,4,38.243,0,12.328,12.347,13.826,52.069,-1,6
1,5,53.072,0,4.648,4.655,6.024,59.096,-1,5
1,6,60.097,0,11.954,11.970,12.855,72.952,-1,4
1,7,73.955,0,8.608,8.618,9.386,83.341,-1,3
1,8,84.343,0,2.528,2.548,3.199,87.542,8,11
1,9,88.544,0,2.857,2.866,3.440,91.984,8,19
1,10,92.986,0,15.753,15.782,16.959,109.945,-1,18
1,11,110.946,0,0.634,0.657,1.377,112.323,8,26
1,12,113.325,0,10.645,10.666,11.734,125.059,-1,25
1,13,126.061,0,7.049,7.068,7.495,133.556,8,33
1,14,134.561,0,10.921,10.942,11.325,145.886,-1,32
1,15,146.887,0,14.584,14.606,15.156,162.043,-1,31
1,16,163.045,0,1.892,NaN,1.359,164.405,0,31
1,17,165.408,0,1.014,1.037,1.605,167.014,8,39
1,18,168.014,0,22.815,22.826,23.672,191.686,-1,38
1,19,192.686,0,4.247,NaN,1.524,194.210,0,38
1,20,195.212,0,5.361,5.383,6.322,201.534,-1,37
1,21,202.536,0,10.670,10.682,11.298,213.834,-1,36
1,22,214.836,0,7.274,7.286,7.911,222.747,-1,35
1,23,223.750,0,20.116,20.132,20.855,244.605,-1,34
1,24,245.606,0,10.417,NaN,0.526,246.132,0,34
1,25,247.135,0,10.344,10.353,11.200,258.335,-1,33
1,26,259.338,0,19.815,19.827,20.686,280.024,-1,32
1,27,281.027,0,14.024,14.046,14.764,295.791,-1,31
1,28,296.793,0,2.706,2.715,3.680,300.473,8,39
1,29,301.475,0,7.090,7.104,7.943,309.418,-1,38
1,30,310.419,0,3.114,3.130,3.780,314.198,8,46
1,31,315.200,0,7.908,7.919,8.342,323.543,8,54
1,32,324.546,0,8.011,8.028,8.747,333.293,-1,53
1,33,334.295,0,4.966,4.982,5.651,339.946,-1,52
1,34,340.946,0,0.633,NaN,0.393,341.339,0,52
1,35,342.340,0,2.329,2.339,2.774,345.115,8,60
1,36,346.118,0,9.786,9.801,11.020,357.137,-1,59
1,37,358.138,0,0.683,NaN,0.318,358.456,0,59
1,38,359.457,0,12.852,12.870,13.806,373.262,-1,58
1,39,374.264,0,10.660,10.668,11.219,385.483,8,66
1,40,386.486,0,1.278,1.298,2.475,388.961,8,74
1,41,389.964,0,12.321,12.327,12.811,402.774,8,82
1,42,403.774,0,3.190,3.202,3.723,407.498,8,90
1,43,408.499,0,13.578,13.601,14.519,423.018,-1,89
1,44,424.022,0,15.665,15.686,16.432,440.454,-1,88
1,45,441.456,0,16.994,NaN,0.490,441.946,0,88
1,46,442.949,0,7.215,7.231,7.822,450.770,8,96
1,47,451.773,0,17.110,17.132,17.620,469.393,-1,95
1,48,470.394,0,2.111,2.130,2.842,473.237,8,103
1,49,474.239,0,0.432,0.452,1.322,475.561,8,111
1,50,476.562,0,6.435,6.451,7.002,483.564,-1,110
1,51,484.566,0,3.429,3.449,4.267,488.833,8,118
1,52,489.835,0,0.775,0.797,1.528,491.363,8,126
1,53,492.364,0,3.852,3.871,4.424,496.788,8,134
1,54,497.790,0,2.367,2.380,2.937,500.727,8,142
1,55,501.731,0,4.278,4.309,4.785,506.516,8,150
1,56,507.526,0,13.506,13.537,14.320,521.847,-1,149
1,57,522.850,0,4.312,4.333,4.865,527.715,8,157
1,58,528.719,0,7.121,7.135,7.676,536.395,8,165
1,59,537.397,0,5.245,5.260,5.798,543.195,8,173
1,60,544.196,0,3.502,3.530,4.248,548.445,8,181
1,61,549.447,0,16.949,16.971,17.417,566.864,-1,180
1,62,567.868,0,7.835,NaN,0.330,568.198,0,180
1,63,569.201,0,1.479,1.503,2.031,571.232,8,188
1,64,572.234,0,0.504,0.537,1.652,573.886,8,196
1,65,574.891,0,2.558,2.566,3.024,577.915,8,204
1,66,578.918,0,18.012,18.032,18.529,597.447,-1,203
2,1,0.502,0,21.549,21.558,22.009,22.511,8,211
2,2,23.512,0,4.701,4.717,5.810,29.322,-1,210
2,3,30.326,0,10.062,10.075,10.607,40.933,8,218
2,4,41.937,0,15.897,15.907,16.431,58.368,8,226
2,5,59.371,0,5.730,5.742,6.532,65.903,-1,225
2,6,66.903,0,6.439,6.447,6.872,73.776,-1,224
2,7,74.779,0,4.612,NaN,0.281,75.060,0,224
2,8,76.061,0,2.785,2.792,3.483,79.544,-1,223
2,9,80.548,0,6.550,6.559,7.090,87.638,8,231
2,10,88.641,0,1.021,1.035,2.221,90.861,-1,230
2,11,91.863,0,12.817,12.836,13.344,105.206,8,238
2,12,106.207,0,8.874,8.896,9.538,115.745,8,246
2,13,116.747,0,3.898,3.910,4.735,121.482,-1,245
2,14,122.483,0,12.529,12.547,13.060,135.544,8,253
2,15,136.546,0,2.475,2.486,2.981,139.527,-1,252
2,16,140.529,0,10.075,NaN,1.119,141.648,0,252
2,17,142.650,0,9.533,9.555,10.103,152.753,8,260
2,18,153.755,0,2.445,2.452,2.914,156.668,-1,259
2,19,157.671,0,1.598,1.621,2.445,160.116,-1,258
2,20,161.117,0,4.070,4.077,4.728,165.845,-1,257
2,21,166.847,0,18.319,18.340,18.940,185.787,8,265
2,22,186.791,0,11.885,11.903,12.453,199.243,8,273
2,23,200.246,0,13.031,13.054,13.497,213.744,8,281
2,24,214.747,0,7.331,7.341,7.930,222.676,8,289
2,25,223.677,0,2.302,2.313,3.274,226.951,-1,288
2,26,227.953,0,5.552,5.574,5.948,233.901,-1,287
2,27,234.902,0,5.843,NaN,1.023,235.925,0,287
2,28,236.926,0,13.969,13.992,14.471,251.398,-1,286
2,29,252.399,0,1.603,1.637,3.567,255.966,-1,285
2,30,256.967,0,2.677,2.688,4.995,261.962,-1,284
2,31,262.965,0,4.847,4.861,5.400,268.365,-1,283
2,32,269.368,0,0.994,1.010,3.522,272.890,-1,282
2,33,273.891,0,3.816,3.823,4.221,278.113,8,290
2,34,279.117,0,10.760,10.787,11.388,290.505,8,298
2,35,291.524,0,8.598,8.618,9.304,300.827,-1,297
2,36,301.830,0,23.844,23.857,24.610,326.440,8,305
2,37,327.442,0,15.652,15.670,16.549,343.990,8,313
2,38,344.993,0,8.940,8.957,10.219,355.212,8,321
2,39,356.214,0,1.124,1.138,2.839,359.052,-1,320
2,40,360.056,0,16.151,16.172,16.640,376.696,8,328
2,41,377.699,0,4.946,4.965,5.488,383.187,8,336
2,42,384.189,0,12.737,12.748,13.723,397.913,8,344
2,43,398.914,0,3.524,3.542,4.035,402.949,-1,343
2,44,403.952,0,7.411,7.425,7.900,411.852,8,351
2,45,412.853,0,19.279,19.301,20.034,432.887,8,359
2,46,433.890,0,1.604,1.616,4.519,438.408,-1,358
2,47,439.411,0,9.274,9.285,11.552,450.963,-1,357
2,48,451.965,0,14.034,14.055,14.492,466.457,8,365
2,49,467.459,0,18.589,18.604,18.971,486.430,8,373
2,50,487.431,0,2.562,2.584,3.919,491.350,-1,372
2,51,492.353,0,2.383,2.414,4.050,496.403,-1,371
2,52,497.406,0,14.445,14.452,15.897,513.303,8,379
2,53,514.307,0,5.660,5.672,7.028,521.335,-1,378
2,54,522.336,0,3.155,3.163,8.767,531.102,-1,377
2,55,532.105,0,16.363,16.371,16.843,548.948,8,385
2,56,549.951,0,2.689,2.711,3.471,553.422,-1,384
2,57,554.422,0,2.346,2.358,2.964,557.385,-1,383
2,58,558.387,0,10.200,10.215,10.677,569.064,8,391
2,59,570.066,0,14.388,14.410,15.042,585.109,8,399
2,60,586.112,0,1.824,1.833,2.901,589.013,-1,398
2,61,590.017,0,1.694,1.713,3.331,593.348,-1,397
3,1,0.502,0,7.920,7.935,8.998,9.500,-1,396
3,2,10.504,0,12.995,13.007,17.537,28.040,-1,395
3,3,29.042,0,3.453,3.474,4.028,33.069,8,403
3,4,34.071,0,5.174,5.198,6.113,40.184,8,411
3,5,41.189,0,2.723,2.732,8.475,49.663,8,419
3,6,50.665,0,17.245,17.267,20.549,71.214,-1,418
3,7,72.218,0,5.909,5.919,6.545,78.763,8,426
3,8,79.765,0,13.209,13.229,15.226,94.991,-1,425
3,9,95.995,0,9.364,9.372,9.980,105.975,-1,424
3,10,106.978,0,18.065,18.081,19.324,126.302,-1,423
3,11,127.303,0,8.188,8.211,11.344,138.647,-1,422
3,12,139.650,0,5.241,5.252,9.855,149.505,8,430
3,13,150.524,0,7.660,7.668,8.085,158.609,8,438
3,14,159.610,0,1.639,1.650,2.161,161.770,8,446
3,15,162.772,0,7.854,7.875,8.335,171.107,-1,445
3,16,172.109,0,7.642,7.660,8.738,180.846,8,453
3,17,181.847,0,5.582,5.592,6.725,188.572,-1,452
3,18,189.574,0,1.709,1.717,2.818,192.392,8,460
3,19,193.394,0,14.690,14.704,16.114,209.508,8,468
3,20,210.518,0,2.954,2.966,3.459,213.977,8,476
3,21,214.981,0,8.249,8.258,10.730,225.711,8,484
3,22,226.713,0,17.699,17.719,20.272,246.985,-1,483
3,23,247.986,0,3.206,3.216,3.676,251.662,8,491
3,24,252.664,0,3.001,3.007,3.525,256.189,8,499
3,25,257.191,0,7.550,NaN,1.705,258.896,0,499
3,26,259.897,0,26.544,NaN,6.244,266.141,0,499
3,27,267.144,0,3.707,3.718,4.565,271.709,8,507
3,28,272.711,0,8.483,8.506,9.274,281.985,-1,506
3,29,282.989,0,5.342,5.365,6.236,289.224,8,514
3,30,290.228,0,1.463,1.477,5.326,295.554,8,522
3,31,296.557,0,4.702,4.719,5.197,301.754,8,530
3,32,302.756,0,6.870,6.890,7.768,310.524,-1,529
3,33,311.529,0,7.761,7.789,8.535,320.065,-1,528
3,34,321.066,0,2.397,NaN,0.271,321.337,0,528
3,35,322.341,0,12.612,12.634,13.750,336.091,-1,527
3,36,337.094,0,4.147,4.168,4.920,342.013,-1,526
3,37,343.017,0,11.221,NaN,1.094,344.111,0,526
3,38,345.113,0,10.179,10.189,14.773,359.886,-1,525
3,39,360.888,0,4.973,4.986,6.534,367.422,-1,524
3,40,368.424,0,2.364,2.385,8.668,377.093,8,532
3,41,378.096,0,3.676,3.685,4.136,382.232,8,540
3,42,383.236,0,11.643,NaN,9.196,392.431,0,540
3,43,393.433,0,3.243,NaN,0.605,394.038,0,540
3,44,395.041,0,1.518,1.530,1.998,397.039,8,548
3,45,398.040,0,19.935,19.958,20.516,418.556,-1,547
3,46,419.559,0,13.748,NaN,12.897,432.456,0,547
3,47,433.461,0,7.676,7.698,8.743,442.204,8,555
3,48,443.205,0,4.693,4.707,5.844,449.048,8,563
3,49,450.051,0,16.559,16.570,19.367,469.418,-1,562
3,50,470.423,0,24.326,24.345,25.873,496.296,-1,561
3,51,497.298,0,10.748,10.759,13.872,511.170,-1,560
3,52,512.173,0,2.035,2.054,7.525,519.698,8,568
3,53,520.700,0,11.204,11.218,14.099,534.800,-1,567
3,54,535.802,0,1.819,1.836,2.398,538.200,8,575
3,55,539.202,0,11.127,11.159,11.644,550.846,-1,574
3,56,551.848,0,5.415,5.432,9.225,561.073,8,582
3,57,562.074,0,7.828,7.846,12.308,574.382,8,590
3,58,575.385,0,8.772,8.792,13.841,589.226,-1,589
4,1,0.500,0,15.482,15.491,15.972,16.473,8,597
4,2,17.474,0,27.862,NaN,8.523,25.997,0,597
4,3,27.000,0,12.612,12.635,13.106,40.106,8,605
4,4,41.108,0,8.927,8.949,9.517,50.625,-1,604
4,5,51.628,0,11.860,11.869,12.491,64.119,8,612
4,6,65.123,0,4.422,4.444,7.107,72.230,-1,611
4,7,73.230,0,13.934,13.944,14.586,87.816,8,619
4,8,88.819,0,8.812,8.827,9.217,98.036,8,627
4,9,99.039,0,0.965,0.991,1.597,100.637,-1,626
4,10,101.640,0,7.196,7.212,7.601,109.241,8,634
4,11,110.244,0,3.491,3.510,4.055,114.298,-1,633
4,12,115.302,0,5.069,NaN,1.470,116.772,0,633
4,13,117.775,0,6.374,6.384,6.859,124.633,8,641
4,14,125.636,0,10.608,10.629,11.017,136.652,8,649
4,15,137.653,0,2.215,2.229,2.764,140.418,-1,648
4,16,141.420,0,6.263,NaN,4.345,145.765,0,648
4,17,146.768,0,1.307,1.318,1.820,148.589,-1,647
4,18,149.592,0,7.095,7.116,7.697,157.289,-1,646
4,19,158.291,0,6.143,6.153,6.823,165.114,-1,645
4,20,166.118,0,10.717,10.733,11.175,177.293,8,653
4,21,178.296,0,12.935,12.944,13.337,191.633,8,661
4,22,192.636,0,1.949,1.972,2.531,195.167,-1,660
4,23,196.170,0,0.589,0.606,1.464,197.634,-1,659
4,24,198.637,0,3.898,3.908,4.433,203.071,-1,658
4,25,204.073,1,2.279,2.292,2.747,206.820,-1,657
4,26,207.823,0,3.820,3.844,4.689,212.512,-1,656
4,27,213.520,0,1.691,NaN,0.399,213.919,0,656
4,28,214.923,0,2.348,2.363,3.111,218.034,-1,655
4,29,219.036,0,11.946,11.956,12.338,231.374,8,663
4,30,232.375,0,12.307,12.324,12.856,245.231,8,671
4,31,246.234,0,1.106,1.116,1.768,248.002,-1,670
4,32,249.019,0,16.521,NaN,0.298,249.318,0,670
4,33,250.321,0,3.367,3.382,3.801,254.123,-1,669
4,34,255.127,0,20.487,20.504,20.968,276.095,8,677
4,35,277.096,0,8.936,8.956,9.466,286.562,8,685
4,36,287.567,0,6.692,6.706,7.229,294.796,8,693
4,37,295.798,0,8.432,8.447,8.930,304.727,8,701
4,38,305.729,0,2.698,2.717,3.518,309.248,-1,700
4,39,310.251,0,7.236,7.249,7.663,317.914,-1,699
4,40,318.919,0,1.513,NaN,0.493,319.412,0,699
4,41,320.414,0,11.170,11.176,11.666,332.080,8,707
4,42,333.083,0,3.431,3.443,4.011,337.094,-1,706
4,43,338.097,0,10.304,10.318,10.780,348.877,8,714
4,44,349.879,0,10.463,10.475,10.937,360.816,8,722
4,45,361.818,0,16.933,16.945,17.363,379.181,8,730
4,46,380.182,0,3.714,3.733,4.287,384.469,8,738
4,47,385.471,0,8.778,8.799,9.277,394.748,-1,737
4,48,395.751,0,17.247,17.261,17.680,413.431,8,745
4,49,414.435,0,2.755,2.780,3.479,417.913,-1,744
4,50,418.915,0,2.221,2.234,2.769,421.684,-1,743
4,51,422.687,0,10.396,NaN,0.780,423.468,0,743
4,52,424.468,0,6.164,6.186,7.152,431.620,-1,742
4,53,432.623,0,2.158,2.166,3.593,436.217,-1,741
4,54,437.219,0,18.083,18.096,18.493,455.712,8,749
4,55,456.715,0,7.392,7.405,7.924,464.639,-1,748
4,56,465.641,0,3.774,3.781,4.288,469.929,-1,747
4,57,470.932,0,6.258,6.277,6.896,477.828,-1,746
4,58,478.831,0,7.977,NaN,0.550,479.382,0,746
4,59,480.385,0,14.532,14.550,14.919,495.303,8,754
4,60,496.304,0,8.108,8.118,8.500,504.804,8,762
4,61,505.807,0,18.038,18.057,18.473,524.280,8,770
4,62,525.282,0,1.077,1.100,1.912,527.194,-1,769
4,63,528.198,0,0.477,0.485,1.197,529.396,-1,768
4,64,530.398,0,12.845,12.859,13.308,543.707,8,776
4,65,544.709,0,15.349,15.356,15.787,560.496,8,784
4,66,561.498,0,11.584,11.607,11.979,573.477,8,792
4,67,574.479,0,1.327,1.344,2.294,576.773,-1,791
4,68,577.776,0,4.482,4.500,5.768,583.544,-1,790
4,69,584.546,0,14.883,NaN,0.421,584.967,0,790
4,70,585.968,0,3.470,3.478,4.032,590.000,-1,789
