1,1,0.501,0,5.217,5.235,5.978,6.479,8,8
1,2,7.481,0,4.940,4.958,5.352,12.833,8,16
1,3,13.836,0,14.854,14.878,15.799,29.634,-1,15
1,4,30.637,0,10.206,10.216,10.792,41.429,-1,14
1,5,42.430,0,5.681,NaN,4.670,47.100,0,14
1,6,48.102,0,14.751,14.778,15.322,63.424,-1,13
1,7,64.427,0,28.991,NaN,2.522,66.950,0,13
1,8,67.953,0,12.114,12.135,12.689,80.642,-1,12
1,9,81.645,0,5.999,NaN,0.665,82.310,0,12
1,10,83.311,0,17.180,17.203,17.771,101.082,-1,11
1,11,102.084,0,14.964,14.988,15.594,117.678,-1,10
1,12,118.681,0,5.341,NaN,0.394,119.074,0,10
1,13,120.076,0,12.527,NaN,0.304,120.380,0,10
1,14,121.385,0,8.859,NaN,0.279,121.664,0,10
1,15,122.666,0,4.622,NaN,0.288,122.954,0,10
1,16,123.958,0,1.896,1.918,2.485,126.443,8,18
1,17,127.444,0,0.830,0.850,1.268,128.712,8,26
1,18,129.714,0,11.400,NaN,6.092,135.806,0,26
1,19,136.809,0,4.742,4.758,5.345,142.154,-1,25
1,20,143.157,0,5.598,5.614,6.149,149.305,8,33
1,21,150.308,0,1.403,1.414,1.829,152.137,8,41
1,22,153.139,0,15.487,NaN,11.736,164.874,0,41
1,23,165.875,0,2.060,2.071,2.445,168.320,8,49
1,24,169.321,0,1.492,1.509,1.894,171.216,8,57
1,25,172.216,0,4.512,4.534,4.995,177.211,8,65
1,26,178.213,0,2.503,2.539,2.990,181.204,8,73
1,27,182.206,0,11.653,NaN,7.708,189.914,0,73
1,28,190.915,0,1.096,1.109,1.548,192.464,8,81
1,29,193.467,0,7.691,7.712,8.397,201.863,-1,80
1,30,202.866,0,4.915,4.932,5.586,208.452,-1,79
1,31,209.454,0,9.742,NaN,4.069,213.523,0,79
1,32,214.527,0,15.041,NaN,7.935,222.463,0,79
1,33,223.465,0,5.924,5.943,6.364,229.829,8,87
1,34,230.830,0,4.448,4.465,4.852,235.681,8,95
1,35,236.685,0,9.795,NaN,7.854,244.538,0,95
1,36,245.541,0,6.484,6.495,6.989,252.530,-1,94
1,37,253.532,0,1.066,1.088,1.523,255.055,8,102
1,38,256.059,0,2.176,2.196,2.617,258.676,8,110
1,39,259.678,0,6.190,NaN,4.617,264.295,0,110
1,40,265.300,0,5.060,5.078,5.513,270.813,8,118
1,41,271.816,0,8.293,NaN,7.638,279.453,0,118
1,42,280.456,0,6.634,6.663,7.204,287.660,-1,117
1,43,288.662,0,14.642,NaN,8.094,296.755,0,117
1,44,297.758,0,3.011,3.034,3.445,301.204,8,125
1,45,302.207,0,19.856,NaN,7.189,309.397,0,125
1,46,310.399,0,0.642,0.665,1.077,311.476,8,133
1,47,312.481,0,5.501,5.519,5.966,318.447,8,141
1,48,319.448,0,2.244,2.254,2.652,322.100,8,149
1,49,323.104,0,8.627,NaN,7.205,330.309,0,149
1,50,331.313,0,11.229,NaN,8.026,339.338,0,149
1,51,340.341,0,9.692,NaN,9.115,349.457,0,149
1,52,350.459,0,11.554,NaN,10.147,360.605,0,149
1,53,361.608,0,4.340,4.349,4.819,366.427,8,157
1,54,367.428,0,7.397,7.416,7.873,375.301,-1,156
1,55,376.302,0,23.053,NaN,20.435,396.736,0,156
1,56,397.738,0,6.670,6.687,7.349,405.087,-1,155
1,57,406.088,0,3.266,3.289,3.701,409.790,8,163
1,58,410.794,0,2.973,2.986,3.397,414.190,8,171
1,59,415.193,0,4.535,4.556,4.923,420.115,8,179
1,60,421.117,0,4.477,4.484,4.859,425.977,8,187
1,61,426.978,0,1.313,1.325,1.893,428.871,8,195
1,62,429.875,0,9.847,9.867,10.456,440.331,-1,194
1,63,441.335,0,1.423,1.441,1.803,443.139,8,202
1,64,444.140,0,1.399,1.404,1.836,445.976,8,210
1,65,446.977,0,9.583,9.605,10.085,457.062,-1,209
1,66,458.065,0,2.848,2.870,3.221,461.286,8,217
1,67,462.290,0,10.080,10.100,10.678,472.968,-1,216
1,68,473.969,0,14.763,NaN,8.426,482.395,0,216
1,69,483.396,0,13.777,NaN,10.083,493.479,0,216
1,70,494.483,0,10.372,10.389,10.796,505.279,8,224
1,71,506.283,0,7.133,7.160,7.559,513.843,8,232
1,72,514.844,0,12.547,NaN,8.810,523.653,0,232
1,73,524.657,0,8.839,8.862,9.318,533.975,-1,231
1,74,534.978,0,8.659,NaN,7.501,542.480,0,231
1,75,543.482,0,5.595,5.612,6.023,549.504,8,239
1,76,550.514,0,8.427,8.434,8.825,559.339,-1,238
1,77,560.343,0,10.940,NaN,8.273,568.616,0,238
1,78,569.619,0,2.898,2.919,3.271,572.889,8,246
1,79,573.893,0,10.712,NaN,8.617,582.510,0,246
1,80,583.513,0,11.294,NaN,6.894,590.407,0,246
2,1,0.500,0,13.078,13.089,13.551,14.052,8,254
2,2,15.053,0,3.952,3.972,4.523,19.576,-1,253
2,3,20.579,0,2.144,2.165,2.590,23.168,-1,252
2,4,24.170,0,14.195,14.214,14.611,38.781,8,260
2,5,39.784,0,3.200,3.219,3.722,43.507,-1,259
2,6,44.523,0,17.895,17.905,18.362,62.886,8,267
2,7,63.888,0,6.391,6.411,6.979,70.867,-1,266
2,8,71.868,0,4.000,4.017,4.392,76.260,8,274
2,9,77.262,0,6.000,6.010,6.461,83.723,8,282
2,10,84.724,0,10.621,10.637,10.989,95.713,8,290
2,11,96.715,0,3.669,3.682,4.150,100.865,-1,289
2,12,101.866,0,3.502,3.516,3.889,105.755,-1,288
2,13,106.757,0,1.645,1.661,2.197,108.953,-1,287
2,14,109.956,0,7.481,7.499,7.915,117.872,8,295
2,15,118.872,0,15.101,15.107,15.512,134.384,8,303
2,16,135.387,0,3.448,3.462,4.072,139.458,-1,302
2,17,140.459,0,3.860,3.875,4.216,144.675,8,310
2,18,145.678,0,4.511,4.526,4.894,150.572,-1,309
2,19,151.574,0,9.004,9.035,9.395,160.969,8,317
2,20,161.970,0,11.214,11.228,11.702,173.673,8,325
2,21,174.676,0,3.341,3.357,3.744,178.421,-1,324
2,22,179.423,0,6.671,6.681,7.050,186.473,-1,323
2,23,187.476,0,2.446,2.463,2.779,190.255,-1,322
2,24,191.259,0,5.148,5.167,5.488,196.747,-1,321
2,25,197.751,0,11.958,11.981,12.324,210.075,8,329
2,26,211.076,0,9.850,9.861,10.224,221.300,8,337
2,27,222.303,0,8.271,8.289,8.611,230.914,8,345
2,28,231.917,0,2.073,2.093,2.527,234.444,-1,344
2,29,235.447,0,1.689,1.714,2.038,237.485,-1,343
2,30,238.488,0,13.305,13.314,13.652,252.140,8,351
2,31,253.142,0,1.172,1.194,1.577,254.720,-1,350
2,32,255.722,0,3.631,3.650,4.018,259.740,-1,349
2,33,260.744,0,6.943,6.965,7.308,268.052,-1,348
2,34,269.055,0,1.154,1.172,1.533,270.589,-1,347
2,35,271.593,0,3.306,3.320,3.653,275.246,-1,346
2,36,276.248,0,6.524,6.535,6.929,283.178,8,354
2,37,284.182,0,1.601,1.619,1.966,286.148,-1,353
2,38,287.149,0,10.715,NaN,0.423,287.572,0,353
2,39,288.576,0,0.824,0.844,1.218,289.794,-1,352
2,40,290.796,0,6.454,6.477,6.988,297.784,-1,351
2,41,298.788,0,15.898,15.911,16.245,315.033,8,359
2,42,316.036,0,3.319,3.331,3.681,319.716,-1,358
2,43,320.717,0,9.402,9.422,9.774,330.491,8,366
2,44,331.493,0,7.135,7.150,7.445,338.938,-1,365
2,45,339.941,0,12.748,12.759,13.077,353.018,8,373
2,46,354.022,0,8.717,8.733,9.057,363.078,-1,372
2,47,364.081,0,4.996,5.010,5.361,369.442,-1,371
2,48,370.444,0,21.127,21.158,21.495,391.939,8,379
2,49,392.940,0,6.875,6.882,7.197,400.138,8,387
2,50,401.141,0,7.925,7.936,8.288,409.429,-1,386
2,51,410.431,0,10.673,10.684,11.077,421.509,8,394
2,52,422.519,0,13.269,13.286,13.692,436.211,8,402
2,53,437.214,0,12.300,12.315,12.706,449.920,8,410
2,54,450.922,0,24.081,24.102,24.458,475.380,8,418
2,55,476.383,0,14.710,14.733,15.089,491.472,8,426
2,56,492.475,0,6.284,6.294,6.646,499.120,8,434
2,57,500.121,0,11.983,12.004,12.315,512.436,8,442
2,58,513.438,0,6.097,6.107,6.453,519.891,-1,441
2,59,520.892,0,5.719,5.740,6.142,527.034,-1,440
2,60,528.037,0,9.130,9.150,9.525,537.562,8,448
2,61,538.565,0,17.646,17.665,17.993,556.557,8,456
2,62,557.559,0,9.490,9.509,9.857,567.416,8,464
2,63,568.418,0,2.681,2.702,3.038,571.455,-1,463
2,64,572.457,0,2.050,2.064,2.516,574.973,-1,462
2,65,575.976,0,19.642,19.655,19.983,595.959,8,470
2,66,596.962,0,0.857,0.871,1.343,598.305,-1,469
2,67,599.306,0,18.170,NaN,0.483,599.789,0,469
3,1,0.501,0,0.820,0.833,1.267,1.769,8,477
3,2,2.770,0,11.090,11.103,11.521,14.291,-1,476
3,3,15.294,0,7.169,7.183,7.570,22.863,8,484
3,4,23.865,0,14.126,NaN,9.586,33.452,0,484
3,5,34.454,0,2.584,2.597,2.962,37.415,8,492
3,6,38.417,0,11.854,NaN,8.873,47.290,0,492
3,7,48.292,0,7.632,7.651,8.019,56.311,8,500
3,8,57.313,0,4.015,4.033,4.387,61.700,8,508
3,9,62.703,0,5.921,5.929,6.291,68.994,-1,507
3,10,69.997,0,8.299,8.307,8.669,78.665,-1,506
3,11,79.667,0,3.931,3.940,4.294,83.960,8,514
3,12,84.964,0,1.608,1.627,1.966,86.930,8,522
3,13,87.931,0,8.565,8.581,8.913,96.845,8,530
3,14,97.848,0,6.842,6.852,7.173,105.021,-1,529
3,15,106.021,0,8.642,8.666,9.087,115.108,-1,528
3,16,116.110,0,1.554,1.562,1.831,117.941,8,536
3,17,118.944,0,4.685,4.698,5.078,124.022,-1,535
3,18,125.024,0,2.638,2.653,2.999,128.023,8,543
3,19,129.025,0,9.125,9.141,9.210,138.235,-1,542
3,20,139.236,0,4.884,4.899,5.277,144.513,8,550
3,21,145.521,0,11.329,NaN,8.788,154.310,0,550
3,22,155.312,0,12.025,NaN,8.959,164.271,0,550
3,23,165.276,0,11.093,11.108,11.478,176.753,-1,549
3,24,177.757,0,2.656,2.678,3.037,180.795,8,557
3,25,181.797,0,0.337,0.356,0.760,182.557,8,565
3,26,183.559,0,0.956,0.978,1.322,184.881,8,573
3,27,185.883,0,2.076,2.089,2.391,188.274,8,581
3,28,189.277,0,6.577,6.599,6.913,196.190,8,589
3,29,197.191,0,16.469,NaN,8.974,206.165,0,589
3,30,207.167,0,3.511,3.533,3.829,210.996,8,597
3,31,211.998,0,12.655,NaN,9.205,221.203,0,597
3,32,222.206,0,21.616,NaN,9.075,231.281,0,597
3,33,232.283,0,15.621,15.634,15.955,248.239,-1,596
3,34,249.240,0,0.777,0.795,1.159,250.399,8,604
3,35,251.400,0,19.867,NaN,8.928,260.328,0,604
3,36,261.332,0,9.723,NaN,9.020,270.352,0,604
3,37,271.355,0,8.738,8.761,8.944,280.299,-1,603
3,38,281.300,0,17.196,NaN,9.037,290.338,0,603
3,39,291.339,0,7.132,7.152,7.555,298.894,-1,602
3,40,299.896,0,17.173,NaN,10.421,310.317,0,602
3,41,311.320,0,14.590,NaN,4.162,315.482,0,602
3,42,316.483,0,13.361,NaN,12.024,328.507,0,602
3,43,329.526,0,0.927,0.947,1.336,330.862,8,610
3,44,331.862,0,4.884,4.914,5.266,337.128,8,618
3,45,338.128,0,3.733,3.750,4.095,342.224,8,626
3,46,343.226,0,26.882,NaN,9.060,352.286,0,626
3,47,353.287,0,14.616,NaN,9.061,362.347,0,626
3,48,363.350,0,1.433,1.456,1.772,365.122,8,634
3,49,366.124,0,14.178,NaN,9.182,375.306,0,634
3,50,376.308,0,4.510,4.540,4.903,381.211,8,642
3,51,382.213,0,2.628,2.652,3.020,385.234,8,650
3,52,386.236,0,2.087,2.098,2.552,388.789,8,658
3,53,389.791,0,21.786,NaN,9.531,399.322,0,658
3,54,400.324,0,3.149,3.167,3.484,403.808,8,666
3,55,404.810,0,3.627,3.650,3.955,408.764,8,674
3,56,409.765,0,9.956,NaN,9.559,419.324,0,674
3,57,420.329,0,8.625,8.641,9.031,429.359,-1,673
3,58,430.363,0,6.116,6.127,6.457,436.820,-1,672
3,59,437.821,0,0.885,0.904,1.272,439.092,8,680
3,60,440.096,0,4.218,4.231,4.545,444.641,8,688
3,61,445.646,0,8.923,8.936,9.306,454.952,-1,687
3,62,455.952,0,3.961,3.982,4.350,460.302,8,695
3,63,461.304,0,11.848,NaN,9.023,470.328,0,695
3,64,471.328,0,5.311,5.331,5.697,477.025,-1,694
3,65,478.027,0,11.392,NaN,9.328,487.356,0,694
3,66,488.358,0,4.401,4.426,4.821,493.179,8,702
3,67,494.182,0,6.893,6.906,7.267,501.449,8,710
3,68,502.450,0,11.372,NaN,9.979,512.429,0,710
3,69,513.432,0,2.985,2.996,3.345,516.776,8,718
3,70,517.780,0,5.076,5.084,5.475,523.255,-1,717
3,71,524.257,0,12.702,NaN,9.118,533.375,0,717
3,72,534.379,0,0.924,0.941,1.329,535.709,8,725
3,73,536.711,0,7.133,7.163,7.549,544.260,-1,724
3,74,545.264,0,4.747,4.763,5.148,550.412,-1,723
3,75,551.416,0,11.128,NaN,9.885,561.301,0,723
3,76,562.302,0,8.008,NaN,8.020,570.321,-1,722
3,77,571.324,0,2.800,2.815,3.191,574.515,8,730
3,78,575.526,0,1.190,1.214,1.649,577.175,8,738
3,79,578.177,0,9.962,NaN,9.073,587.250,0,738
3,80,588.251,0,8.063,8.081,8.453,596.704,8,746
4,1,0.502,0,14.317,14.338,14.711,15.212,8,754
4,2,16.213,0,6.541,6.564,6.962,23.175,8,762
4,3,24.178,0,4.813,4.835,5.582,29.760,-1,761
4,4,30.764,0,5.033,5.052,5.339,36.103,-1,760
4,5,37.106,0,6.831,6.848,7.189,44.295,8,768
4,6,45.296,0,13.633,13.649,13.976,59.272,8,776
4,7,60.275,0,3.358,3.372,3.724,63.999,-1,775
4,8,65.001,0,10.385,10.401,10.769,75.770,8,783
4,9,76.772,0,1.514,1.532,1.998,78.769,-1,782
4,10,79.771,0,13.888,13.907,14.258,94.029,8,790
4,11,95.032,0,14.100,14.119,14.445,109.477,8,798
4,12,110.478,0,2.924,2.942,3.338,113.815,-1,797
4,13,114.817,0,11.872,11.892,12.284,127.101,8,805
4,14,128.104,0,10.376,10.395,10.741,138.845,8,813
4,15,139.847,0,9.192,9.207,9.584,149.431,8,821
4,16,150.433,0,18.914,18.930,19.365,169.798,8,829
4,17,170.801,0,11.469,11.485,11.840,182.641,8,837
4,18,183.643,0,15.003,15.034,15.349,198.992,8,845
4,19,199.995,0,0.635,0.650,1.094,201.088,-1,844
4,20,202.089,0,2.123,2.141,2.469,204.558,-1,843
4,21,205.560,0,18.983,18.997,19.336,224.895,8,851
4,22,225.898,0,15.542,15.550,15.895,241.792,8,859
4,23,242.793,0,5.764,5.775,6.150,248.943,-1,858
4,24,249.946,0,1.314,1.323,1.694,251.641,-1,857
4,25,252.643,0,7.400,7.413,7.774,260.418,8,865
4,26,261.421,0,2.758,2.788,3.161,264.582,-1,864
4,27,265.585,0,3.052,3.059,3.376,268.961,-1,863
4,28,269.964,0,5.144,5.166,5.537,275.501,-1,862
4,29,276.502,0,12.950,12.969,13.295,289.797,8,870
4,30,290.800,0,13.275,13.294,13.650,304.449,-1,869
4,31,305.451,0,11.912,11.932,12.279,317.730,8,877
4,32,318.733,0,1.417,1.436,1.875,320.608,-1,876
4,33,321.611,0,8.657,8.679,9.089,330.700,-1,875
4,34,331.701,0,7.399,7.409,7.838,339.539,8,883
4,35,340.541,0,5.547,5.556,5.903,346.444,8,891
4,36,347.445,0,15.027,15.044,15.407,362.852,8,899
4,37,363.854,0,10.880,10.907,11.278,375.132,8,907
4,38,376.132,0,7.771,7.783,8.105,384.237,-1,906
4,39,385.241,0,8.466,8.478,8.860,394.102,8,914
4,40,395.105,0,11.670,11.688,12.023,407.127,8,922
4,41,408.131,0,5.557,5.565,5.910,414.041,-1,921
4,42,415.044,0,6.414,6.422,6.774,421.818,-1,920
4,43,422.820,0,3.046,3.065,3.400,426.220,-1,919
4,44,427.222,0,6.228,6.250,6.582,433.804,-1,918
4,45,434.805,0,3.942,3.953,4.467,439.271,-1,917
4,46,440.273,0,1.754,1.787,2.145,442.418,-1,916
4,47,443.420,0,11.041,11.062,11.366,454.785,8,924
4,48,455.789,0,2.792,2.812,3.116,458.905,-1,923
4,49,459.906,0,1.903,1.913,2.181,462.088,-1,922
4,50,463.091,0,0.208,0.228,0.552,463.643,-1,921
4,51,464.645,0,18.882,NaN,0.479,465.124,0,921
4,52,466.127,0,8.017,8.031,8.439,474.566,8,929
4,53,475.569,0,8.216,8.227,8.561,484.131,-1,928
4,54,485.134,0,15.284,15.303,15.638,500.772,8,936
4,55,501.774,0,2.224,2.232,2.626,504.399,-1,935
4,56,505.403,0,9.943,9.958,10.354,515.757,8,943
4,57,516.760,0,7.925,7.938,8.256,525.017,8,951
4,58,526.020,0,10.174,10.184,10.584,536.605,8,959
4,59,537.608,0,3.411,3.432,3.819,541.426,-1,958
4,60,542.428,0,28.531,NaN,25.205,567.633,0,958
4,61,568.634,0,4.734,4.754,5.079,573.713,-1,957
4,62,574.714,0,9.454,9.463,9.781,584.495,-1,956
4,63,585.498,0,7.412,7.433,7.751,593.249,-1,955
