1,1,0.501,0,14.340,NaN,10.906,11.407,0,0
1,2,12.410,0,8.093,8.100,8.973,21.383,-1,-1
1,3,22.387,0,4.986,4.992,5.406,27.793,8,7
1,4,28.795,0,7.679,7.689,8.187,36.982,8,15
1,5,37.983,0,2.830,2.853,3.388,41.371,-1,14
1,6,42.375,0,7.556,7.566,7.969,50.343,8,22
1,7,51.344,0,9.962,NaN,9.269,60.613,0,22
1,8,61.614,0,16.455,NaN,13.307,74.921,0,22
1,9,75.924,0,3.388,3.413,4.024,79.948,-1,21
1,10,80.952,0,1.164,1.187,1.906,82.858,-1,20
1,11,83.861,0,7.115,7.132,7.481,91.342,8,28
1,12,92.344,0,1.680,1.701,1.984,94.328,-1,27
1,13,95.329,0,3.759,3.784,4.019,99.348,-1,26
1,14,100.350,0,9.837,9.852,10.037,110.386,8,34
1,15,111.389,0,2.332,2.349,2.740,114.129,-1,33
1,16,115.132,0,8.779,NaN,6.420,121.552,0,33
1,17,122.554,0,5.006,5.023,5.676,128.230,-1,32
1,18,129.231,0,15.964,NaN,12.737,141.969,0,32
1,19,142.972,0,9.923,NaN,3.778,146.750,0,32
1,20,147.754,0,6.514,6.536,6.832,154.586,8,40
1,21,155.587,0,12.319,NaN,10.411,165.998,0,40
1,22,167.000,0,6.670,6.682,7.056,174.056,8,48
1,23,175.059,0,18.901,NaN,9.316,184.376,0,48
1,24,185.378,0,0.901,0.911,1.313,186.691,-1,47
1,25,187.692,0,5.839,5.850,6.325,194.017,-1,46
1,26,195.019,0,4.505,4.525,4.813,199.832,-1,45
1,27,200.834,0,2.260,NaN,1.943,202.777,0,45
1,28,203.781,0,3.117,3.134,3.548,207.329,-1,44
1,29,208.333,0,1.893,1.900,2.293,210.625,-1,43
1,30,211.626,0,20.358,NaN,0.892,212.519,0,43
1,31,213.521,0,7.086,NaN,3.230,216.751,0,43
1,32,217.753,0,12.955,NaN,8.657,226.410,0,43
1,33,227.414,0,1.968,1.978,2.329,229.743,-1,42
1,34,230.745,0,8.903,NaN,5.028,235.773,0,42
1,35,236.777,0,3.333,3.353,3.947,240.724,-1,41
1,36,241.727,0,3.861,3.873,4.332,246.059,-1,40
1,37,247.060,0,3.404,3.425,4.049,251.109,-1,39
1,38,252.112,0,14.302,NaN,0.309,252.421,0,39
1,39,253.424,0,11.918,NaN,0.193,253.617,0,39
1,40,254.620,0,22.551,NaN,4.589,259.209,0,39
1,41,260.211,0,13.228,NaN,10.775,270.986,0,39
1,42,271.990,0,4.686,4.708,5.481,277.471,-1,38
1,43,278.474,0,5.589,5.611,5.899,284.373,8,46
1,44,285.376,0,3.358,3.377,4.243,289.620,-1,45
1,45,290.622,0,8.470,NaN,6.169,296.791,0,45
1,46,297.793,0,9.912,NaN,5.683,303.476,0,45
1,47,304.480,0,9.042,9.052,9.536,314.017,8,53
1,48,315.021,0,7.045,NaN,5.703,320.724,0,53
1,49,321.727,0,9.075,9.096,9.811,331.538,-1,52
1,50,332.540,0,1.877,1.885,2.195,334.735,-1,51
1,51,335.737,0,0.783,0.789,1.242,336.979,-1,50
1,52,337.981,0,3.034,3.047,3.428,341.409,-1,49
1,53,342.410,0,18.405,NaN,3.293,345.704,0,49
1,54,346.705,0,2.478,2.494,2.871,349.575,-1,48
1,55,350.578,0,13.621,NaN,5.511,356.089,0,48
1,56,357.090,0,9.582,NaN,8.537,365.627,0,48
1,57,366.630,0,18.002,NaN,3.470,370.100,0,48
1,58,371.102,0,15.265,NaN,8.262,379.364,0,48
1,59,380.366,0,5.609,5.617,5.960,386.326,8,56
1,60,387.328,0,10.672,NaN,4.692,392.020,0,56
1,61,393.024,0,13.694,NaN,7.900,400.925,0,56
1,62,401.927,0,1.064,1.081,1.545,403.472,-1,55
1,63,404.473,0,11.888,11.907,12.275,416.749,8,63
1,64,417.752,0,8.427,8.434,8.923,426.675,-1,62
1,65,427.678,0,4.221,4.243,4.579,432.257,-1,61
1,66,433.260,0,2.857,2.880,3.299,436.559,-1,60
1,67,437.562,0,0.192,0.212,0.647,438.209,-1,59
1,68,439.211,0,8.808,8.818,9.118,448.329,8,67
1,69,449.333,0,1.663,1.680,1.991,451.324,-1,66
1,70,452.324,0,21.303,NaN,1.743,454.068,0,66
1,71,455.068,0,6.829,6.851,7.164,462.232,8,74
1,72,463.234,0,1.487,NaN,1.137,464.371,0,74
1,73,465.375,0,14.558,14.569,14.911,480.286,8,82
1,74,481.288,0,4.492,4.509,4.960,486.248,-1,81
1,75,487.250,0,24.369,NaN,0.231,487.482,0,81
1,76,488.486,0,12.448,12.468,12.789,501.275,8,89
1,77,502.277,0,9.846,NaN,2.827,505.104,0,89
1,78,506.108,0,9.854,9.870,10.449,516.557,8,97
1,79,517.559,0,9.674,NaN,1.945,519.504,0,97
1,80,520.516,0,2.774,NaN,0.499,521.015,0,97
1,81,522.019,0,13.664,13.685,14.210,536.228,8,105
1,82,537.232,0,3.356,3.374,3.970,541.203,-1,104
1,83,542.206,0,21.204,NaN,0.169,542.375,0,104
1,84,543.377,0,8.831,8.851,9.270,552.646,8,112
1,85,553.648,0,1.715,NaN,1.221,554.868,0,112
1,86,555.869,0,1.918,NaN,0.204,556.073,0,112
1,87,557.074,0,2.399,2.408,2.775,559.849,-1,111
1,88,560.853,0,8.906,8.917,9.284,570.137,8,119
1,89,571.139,0,3.298,NaN,2.297,573.436,0,119
1,90,574.438,0,2.617,2.635,3.064,577.502,-1,118
1,91,578.509,0,14.549,14.572,15.038,593.547,8,126
1,92,594.549,0,3.855,3.868,4.337,598.887,8,134
2,1,0.502,0,15.129,15.155,15.802,16.304,-1,133
2,2,17.305,0,2.422,2.437,2.832,20.138,8,141
2,3,21.140,0,6.067,NaN,5.780,26.920,0,141
2,4,27.921,0,12.932,NaN,9.410,37.330,0,141
2,5,38.333,0,21.617,NaN,15.828,54.161,0,141
2,6,55.163,0,17.783,17.804,18.316,73.479,-1,140
2,7,74.483,0,10.958,NaN,7.549,82.033,0,140
2,8,83.036,0,9.407,9.424,9.778,92.814,-1,139
2,9,93.817,0,2.073,2.094,2.439,96.257,8,147
2,10,97.257,0,13.945,NaN,5.072,102.329,0,147
2,11,103.332,0,6.040,6.052,6.429,109.761,-1,146
2,12,110.764,0,4.703,4.724,5.044,115.807,8,154
2,13,116.809,0,6.977,6.983,7.292,124.101,8,162
2,14,125.104,0,3.155,3.173,3.549,128.653,8,170
2,15,129.657,0,4.978,4.990,5.274,134.931,8,178
2,16,135.934,0,6.709,6.716,7.286,143.221,-1,177
2,17,144.224,0,18.555,NaN,6.015,150.239,0,177
2,18,151.242,0,3.975,3.981,4.516,155.758,8,185
2,19,156.761,0,9.755,NaN,7.321,164.082,0,185
2,20,165.083,0,9.315,NaN,7.121,172.204,0,185
2,21,173.207,0,8.684,NaN,7.185,180.392,0,185
2,22,181.394,0,11.983,NaN,8.823,190.216,0,185
2,23,191.220,0,3.787,3.805,4.111,195.331,8,193
2,24,196.333,0,4.168,4.179,4.543,200.875,8,201
2,25,201.877,0,2.176,2.186,2.534,204.410,8,209
2,26,205.415,0,2.799,2.817,3.185,208.600,8,217
2,27,209.604,0,1.609,1.628,1.998,211.603,8,225
2,28,212.605,0,4.359,4.380,4.719,217.324,8,233
2,29,218.326,0,13.360,NaN,9.275,227.601,0,233
2,30,228.602,0,5.936,5.959,6.302,234.904,8,241
2,31,235.906,0,7.150,7.159,7.524,243.430,-1,240
2,32,244.434,0,0.352,0.365,0.852,245.286,8,248
2,33,246.288,0,6.415,6.431,7.199,253.487,-1,247
2,34,254.487,0,8.023,NaN,5.853,260.340,0,247
2,35,261.342,0,3.340,3.349,3.778,265.120,8,255
2,36,266.123,0,10.877,NaN,7.209,273.332,0,255
2,37,274.333,0,3.754,3.781,4.366,278.700,8,263
2,38,279.704,0,16.205,NaN,8.696,288.401,0,263
2,39,289.403,0,0.732,0.751,1.350,290.752,8,271
2,40,291.755,0,9.019,NaN,7.430,299.185,0,271
2,41,300.187,0,22.675,NaN,8.281,308.468,0,271
2,42,309.471,0,4.181,4.194,4.565,314.035,-1,270
2,43,315.038,0,9.291,NaN,7.548,322.586,0,270
2,44,323.589,0,15.636,NaN,7.364,330.953,0,270
2,45,331.955,0,12.135,NaN,9.734,341.689,0,270
2,46,342.691,0,1.768,1.789,2.216,344.907,8,278
2,47,345.911,0,9.922,NaN,9.145,355.056,0,278
2,48,356.059,0,5.597,5.612,6.397,362.456,-1,277
2,49,363.459,0,6.530,6.549,6.934,370.393,8,285
2,50,371.396,0,3.596,3.615,3.993,375.389,8,293
2,51,376.392,0,1.304,1.319,1.673,378.066,8,301
2,52,379.067,0,16.846,NaN,7.218,386.285,0,301
2,53,387.288,0,5.498,5.515,5.915,393.202,8,309
2,54,394.204,0,1.727,1.750,2.180,396.384,8,317
2,55,397.387,0,2.997,3.019,3.496,400.883,8,325
2,56,401.887,0,19.760,NaN,6.527,408.413,0,325
2,57,409.415,0,3.426,3.447,3.836,413.251,8,333
2,58,414.253,0,2.883,2.911,3.523,417.777,8,341
2,59,418.777,0,6.269,6.291,6.616,425.393,-1,340
2,60,426.396,0,12.959,NaN,3.941,430.337,0,340
2,61,431.340,0,2.283,2.299,2.650,433.990,8,348
2,62,434.993,0,16.917,NaN,4.343,439.337,0,348
2,63,440.338,0,10.447,NaN,4.665,445.002,0,348
2,64,446.012,0,7.362,NaN,6.083,452.095,0,348
2,65,453.098,0,8.277,NaN,7.997,461.095,0,348
2,66,462.098,0,8.461,NaN,5.163,467.261,0,348
2,67,468.265,0,11.547,NaN,9.026,477.291,0,348
2,68,478.293,0,10.319,10.338,10.846,489.139,-1,347
2,69,490.141,0,1.018,1.025,1.324,491.465,8,355
2,70,492.467,0,1.829,1.850,2.198,494.665,8,363
2,71,495.668,0,11.555,11.572,11.926,507.594,-1,362
2,72,508.597,0,13.173,NaN,6.719,515.315,0,362
2,73,516.319,0,1.962,1.976,2.313,518.632,8,370
2,74,519.635,0,10.922,NaN,7.252,526.886,0,370
2,75,527.890,0,3.548,3.561,3.952,531.842,8,378
2,76,532.846,0,4.976,4.991,5.560,538.406,-1,377
2,77,539.410,0,11.659,NaN,5.705,545.115,0,377
2,78,546.118,0,9.635,NaN,4.796,550.914,0,377
2,79,551.915,0,6.761,6.783,7.426,559.340,-1,376
2,80,560.344,0,2.847,2.856,3.192,563.536,8,384
2,81,564.539,0,3.672,3.679,4.021,568.560,8,392
2,82,569.563,0,17.532,NaN,4.796,574.359,0,392
2,83,575.360,0,1.537,1.546,1.904,577.264,8,400
2,84,578.267,0,7.610,NaN,6.049,584.316,0,400
2,85,585.318,0,9.900,NaN,5.958,591.275,0,400
2,86,592.278,0,2.883,2.904,3.281,595.559,8,408
3,1,0.502,0,12.396,12.404,12.801,13.303,8,416
3,2,14.307,0,5.171,5.185,5.858,20.165,-1,415
3,3,21.169,0,0.706,0.725,1.214,22.383,-1,414
3,4,23.386,0,8.669,8.679,9.048,32.434,8,422
3,5,33.437,0,4.523,NaN,0.650,34.087,0,422
3,6,35.091,0,3.903,3.911,4.221,39.312,-1,421
3,7,40.316,0,4.500,4.505,4.871,45.187,8,429
3,8,46.189,0,21.232,NaN,4.270,50.458,0,429
3,9,51.460,0,11.806,11.820,12.226,63.686,8,437
3,10,64.688,0,17.984,18.001,18.386,83.074,8,445
3,11,84.076,0,1.856,1.865,3.029,87.105,-1,444
3,12,88.107,0,7.664,7.688,8.336,96.444,8,452
3,13,97.446,0,6.729,NaN,6.074,103.520,0,452
3,14,104.526,0,7.118,7.127,7.810,112.336,-1,451
3,15,113.338,0,21.215,21.225,21.570,134.908,8,459
3,16,135.911,0,6.608,6.623,7.028,142.938,-1,458
3,17,143.939,0,8.394,8.416,8.836,152.775,8,466
3,18,153.778,0,1.243,NaN,0.652,154.431,0,466
3,19,155.434,0,9.816,9.827,10.353,165.787,-1,465
3,20,166.789,0,12.038,12.062,12.400,179.189,8,473
3,21,180.193,0,3.330,3.344,3.858,184.051,-1,472
3,22,185.052,0,9.311,9.324,9.700,194.752,8,480
3,23,195.755,0,10.315,10.326,10.786,206.541,-1,479
3,24,207.545,0,0.946,0.954,1.350,208.895,-1,478
3,25,209.898,0,2.574,2.586,2.988,212.885,-1,477
3,26,213.888,0,0.750,0.763,1.090,214.979,-1,476
3,27,215.982,0,16.320,16.328,16.734,232.716,8,484
3,28,233.721,0,9.665,NaN,3.687,237.408,0,484
3,29,238.411,0,1.367,1.386,1.771,240.182,-1,483
3,30,241.184,0,0.629,0.648,1.050,242.234,-1,482
3,31,243.236,0,5.168,5.182,5.687,248.923,-1,481
3,32,249.925,0,6.309,6.330,6.717,256.641,-1,480
3,33,257.644,0,2.034,2.045,2.441,260.085,-1,479
3,34,261.086,0,7.447,7.458,7.841,268.927,8,487
3,35,269.930,0,8.708,NaN,1.645,271.575,0,487
3,36,272.578,0,16.618,NaN,3.681,276.258,0,487
3,37,277.260,0,17.656,17.663,17.978,295.238,8,495
3,38,296.241,0,2.142,2.151,2.472,298.713,-1,494
3,39,299.717,0,18.684,18.700,19.285,319.002,8,502
3,40,320.019,0,5.040,NaN,1.212,321.231,0,502
3,41,322.233,0,8.860,8.874,9.339,331.572,8,510
3,42,332.575,0,12.885,12.905,13.213,345.788,8,518
3,43,346.791,0,15.392,NaN,0.863,347.654,0,518
3,44,348.657,0,3.613,3.627,3.946,352.603,-1,517
3,45,353.604,0,2.455,2.464,2.798,356.402,-1,516
3,46,357.402,0,14.598,14.608,14.971,372.373,8,524
3,47,373.375,0,6.425,6.438,6.871,380.245,8,532
3,48,381.249,0,2.040,2.049,2.369,383.619,-1,531
3,49,384.622,0,8.240,8.248,8.922,393.543,-1,530
3,50,394.545,0,6.745,6.762,7.249,401.794,-1,529
3,51,402.795,0,9.073,9.084,9.491,412.286,8,537
3,52,413.289,0,6.947,6.960,7.339,420.628,8,545
3,53,421.630,0,13.540,NaN,3.492,425.121,0,545
3,54,426.123,0,9.249,9.266,9.724,435.848,8,553
3,55,436.851,0,10.206,10.227,10.685,447.536,8,561
3,56,448.539,0,2.761,2.775,3.313,451.852,-1,560
3,57,452.855,0,5.183,5.196,5.658,458.512,-1,559
3,58,459.521,0,16.055,16.071,16.583,476.104,8,567
3,59,477.108,0,1.953,NaN,1.648,478.756,0,567
3,60,479.757,0,4.798,4.806,5.194,484.951,-1,566
3,61,485.953,0,11.683,11.700,12.068,498.021,8,574
3,62,499.021,0,0.075,0.099,0.595,499.616,-1,573
3,63,500.618,0,11.746,11.759,12.333,512.950,8,581
3,64,513.955,0,11.718,NaN,1.824,515.778,0,581
3,65,516.782,0,7.510,7.534,8.104,524.885,8,589
3,66,525.885,0,4.917,4.933,5.443,531.329,-1,588
3,67,532.332,0,2.457,2.471,2.869,535.202,-1,587
3,68,536.205,0,2.819,2.834,3.203,539.408,-1,586
3,69,540.409,0,15.343,15.354,15.653,556.062,8,594
3,70,557.064,0,4.445,4.469,4.905,561.970,-1,593
3,71,562.971,0,3.829,3.847,4.198,567.169,-1,592
3,72,568.172,1,11.229,11.236,11.657,579.829,8,600
3,73,580.831,0,5.380,NaN,1.831,582.662,0,600
3,74,583.666,0,7.438,NaN,0.046,583.712,0,600
3,75,584.713,0,13.341,13.354,13.751,598.463,8,608
4,1,0.502,0,29.353,NaN,8.866,9.368,0,608
4,2,10.370,0,2.410,2.420,2.775,13.144,8,616
4,3,14.146,0,8.009,8.031,8.408,22.555,-1,615
4,4,23.558,0,21.400,NaN,7.544,31.102,0,615
4,5,32.106,0,5.760,5.779,6.101,38.207,-1,614
4,6,39.210,0,1.092,1.109,1.496,40.705,8,622
4,7,41.708,0,3.204,3.213,3.521,45.229,8,630
4,8,46.233,0,13.407,NaN,6.243,52.476,0,630
4,9,53.478,0,12.602,NaN,6.793,60.271,0,630
4,10,61.272,0,1.958,1.974,2.325,63.597,8,638
4,11,64.601,0,1.361,1.380,1.692,66.293,8,646
4,12,67.295,0,6.321,6.340,6.724,74.020,8,654
4,13,75.023,0,10.955,NaN,8.297,83.320,0,654
4,14,84.322,0,21.703,NaN,7.285,91.607,0,654
4,15,92.609,0,6.036,6.054,6.406,99.015,8,662
4,16,100.019,0,6.410,6.432,6.786,106.805,8,670
4,17,107.808,0,11.718,NaN,7.542,115.349,0,670
4,18,116.353,0,9.382,NaN,6.422,122.775,0,670
4,19,123.776,0,9.610,NaN,7.770,131.547,0,670
4,20,132.549,0,1.043,1.064,1.430,133.979,8,678
4,21,134.981,0,19.846,NaN,7.138,142.119,0,678
4,22,143.121,0,0.505,0.530,0.995,144.117,8,686
4,23,145.120,0,7.126,NaN,5.335,150.455,0,686
4,24,151.460,0,2.013,2.030,2.541,154.001,8,694
4,25,155.008,0,17.656,NaN,7.026,162.034,0,694
4,26,163.037,0,8.896,NaN,8.145,171.182,0,694
4,27,172.184,0,14.602,NaN,10.034,182.219,0,694
4,28,183.221,0,18.328,NaN,7.485,190.706,0,694
4,29,191.711,0,14.740,NaN,7.683,199.393,0,694
4,30,200.396,0,0.460,0.482,0.830,201.227,8,702
4,31,202.230,0,3.820,3.834,4.201,206.431,8,710
4,32,207.432,0,11.500,NaN,6.205,213.638,0,710
4,33,214.641,0,4.890,4.913,5.264,219.905,8,718
4,34,220.906,0,2.242,2.250,2.596,223.502,8,726
4,35,224.526,0,3.496,3.515,3.936,228.463,8,734
4,36,229.467,0,10.539,NaN,8.035,237.502,0,734
4,37,238.516,0,7.310,NaN,6.768,245.284,0,734
4,38,246.287,0,1.306,1.314,1.765,248.052,8,742
4,39,249.053,0,0.220,0.231,0.611,249.664,8,750
4,40,250.666,0,12.395,NaN,7.581,258.246,0,750
4,41,259.251,0,7.672,NaN,7.044,266.295,0,750
4,42,267.298,0,18.466,NaN,4.290,271.588,0,750
4,43,272.590,0,18.151,NaN,4.731,277.320,0,750
4,44,278.324,0,4.037,4.060,4.461,282.784,8,758
4,45,283.786,0,8.121,NaN,6.390,290.176,0,758
4,46,291.179,0,7.078,NaN,6.232,297.411,0,758
4,47,298.415,0,14.517,NaN,6.800,305.216,0,758
4,48,306.218,0,7.420,7.431,7.916,314.134,-1,757
4,49,315.134,0,5.221,NaN,5.159,320.293,0,757
4,50,321.295,0,19.821,NaN,6.895,328.190,0,757
4,51,329.192,0,5.290,5.300,5.866,335.059,-1,756
4,52,336.061,0,9.984,NaN,6.269,342.330,0,756
4,53,343.333,0,7.729,NaN,5.845,349.178,0,756
4,54,350.181,0,9.952,NaN,8.082,358.263,0,756
4,55,359.265,0,4.761,4.791,5.146,364.411,8,764
4,56,365.411,0,5.396,5.414,5.781,371.192,8,772
4,57,372.194,0,4.845,4.868,5.219,377.413,8,780
4,58,378.416,0,4.887,4.899,5.306,383.722,8,788
4,59,384.725,0,1.736,1.758,2.191,386.917,8,796
4,60,387.917,0,9.357,NaN,5.912,393.829,0,796
4,61,394.831,0,2.109,2.124,2.494,397.325,8,804
4,62,398.328,0,8.688,NaN,3.904,402.232,0,804
4,63,403.236,0,6.172,6.191,7.026,410.261,-1,803
4,64,411.264,0,7.763,NaN,5.283,416.547,0,803
4,65,417.549,0,3.609,3.617,3.983,421.531,8,811
4,66,422.534,0,5.273,5.286,5.667,428.200,8,819
4,67,429.203,0,7.560,NaN,6.772,435.974,0,819
4,68,436.976,0,6.538,NaN,6.135,443.111,0,819
4,69,444.114,0,2.523,2.531,3.028,447.142,8,827
4,70,448.145,0,2.671,2.685,3.405,451.551,8,835
4,71,452.554,0,12.345,NaN,6.042,458.595,0,835
4,72,459.599,0,23.404,NaN,5.710,465.309,0,835
4,73,466.312,0,6.528,NaN,5.775,472.087,0,835
4,74,473.089,0,11.314,NaN,5.236,478.326,0,835
4,75,479.329,0,1.101,1.115,1.587,480.917,8,843
4,76,481.919,0,13.518,NaN,4.350,486.269,0,843
4,77,487.271,0,4.859,4.879,5.223,492.494,-1,842
4,78,493.496,0,3.327,3.339,3.720,497.216,8,850
4,79,498.218,0,16.405,NaN,6.593,504.811,0,850
4,80,505.814,0,9.534,NaN,6.548,512.362,0,850
4,81,513.363,0,9.247,NaN,5.843,519.206,0,850
4,82,520.207,0,6.626,NaN,5.330,525.537,0,850
4,83,526.541,0,13.460,NaN,4.691,531.233,0,850
4,84,532.235,0,4.188,4.202,4.544,536.780,8,858
4,85,537.782,0,12.968,NaN,5.541,543.323,0,858
4,86,544.326,0,13.014,NaN,6.706,551.032,0,858
4,87,552.035,0,15.347,NaN,7.046,559.081,0,858
4,88,560.083,0,2.069,2.084,2.385,562.468,8,866
4,89,563.469,0,0.512,0.531,1.222,564.692,8,874
4,90,565.693,0,1.725,1.743,2.014,567.707,8,882
4,91,568.709,0,3.836,3.846,4.194,572.903,8,890
4,92,573.906,0,3.196,3.218,3.530,577.435,8,898
4,93,578.439,0,14.525,NaN,5.835,584.275,0,898
4,94,585.277,0,10.819,NaN,4.846,590.123,0,898
4,95,591.127,0,19.016,NaN,4.390,595.517,0,898
